54.974360
54.751217
54.345751
54.281213
54.058069
53.974764
53.875748
53.875748
52.959457
52.947567
52.934139
52.934139
52.736314
52.671775
52.671775
52.671775
52.671775
52.671775
52.671775
52.448632
52.448632
52.266310
52.246107
52.083996
52.083996
52.083996
52.072094
51.785043
51.755484
51.755484
51.755484
51.650123
51.582796
51.573163
51.573162
51.445329
51.398809
51.374712
51.350019
51.350019
51.350019
51.350019
51.350019
51.350019
51.349469
51.345007
51.326801
51.244659
51.187500
51.128936
51.111899
51.107121
50.993344
50.993344
50.986176
50.811402
50.742774
50.685168
50.675997
50.656872
50.656872
50.656872
50.656872
50.656872
50.656872
50.656872
50.656872
50.656872
50.656872
50.656872
50.656872
50.656772
50.648235
50.627737
50.597890
50.594997
50.588744
50.583333
50.550399
50.504618
50.482281
50.433728
50.433728
50.433727
50.429645
50.421203
50.420914
50.376153
50.336232
50.335288
50.328507
50.300197
50.300197
50.300197
50.300197
50.300197
50.300197
50.299595
50.292309
50.257879
50.254183
50.169919
50.146046
50.146046
50.146045
50.146043
50.143710
50.118492
50.104397
50.059035
50.057812
50.038247
50.023100
50.022182
50.017304
50.017266
50.016163
50.012896
50.004099
49.983527
49.983526
49.966718
49.963725
49.963725
49.963725
49.963725
49.963725
49.963725
49.963725
49.963725
49.963725
49.963725
49.963725
49.963725
49.963725
49.963724
49.963724
49.963724
49.963723
49.963723
49.954497
49.954278
49.949626
49.941684
49.905672
49.901849
49.901849
49.880343
49.880343
49.877513
49.865450
49.858964
49.858364
49.847416
49.832933
49.831267
49.826300
49.789371
49.788509
49.766736
49.740581
49.740581
49.740581
49.740581
49.740581
49.740581
49.740580
49.727103
49.717860
49.715264
49.651534
49.637441
49.632439
49.622257
49.615423
49.612461
49.607907
49.606467
49.593062
49.593062
49.593062
49.587899
49.568606
49.565332
49.521492
49.482091
49.456372
49.453236
49.452899
49.452899
49.452899
49.452899
49.452899
49.452899
49.452899
49.452899
49.452899
49.452899
49.452896
49.452896
49.452883
49.452556
49.447887
49.442849
49.420327
49.418998
49.418304
49.410268
49.401587
49.382475
49.367704
49.365888
49.365884
49.365884
49.359032
49.347715
49.347535
49.346798
49.333134
49.332839
49.330161
49.316280
49.309798
49.309795
49.305538
49.281852
49.276937
49.272136
49.270578
49.270578
49.270578
49.270578
49.270578
49.270576
49.270574
49.268641
49.229756
49.229756
49.218603
49.205494
49.198433
49.198433
49.188875
49.187196
49.187194
49.172303
49.169846
49.166621
49.166541
49.156737
49.147279
49.142744
49.142744
49.142744
49.142744
49.142740
49.140469
49.127244
49.122646
49.115093
49.099964
49.096224
49.094013
49.089535
49.083987
49.073009
49.072127
49.067727
49.058374
49.055944
49.049352
49.047534
49.047434
49.047434
49.047434
49.047434
49.047434
49.047434
49.047434
49.047434
49.047434
49.047434
49.047434
49.047434
49.047434
49.047434
49.047434
49.047434
49.047434
49.047434
49.047434
49.047434
49.047434
49.047434
49.047432
49.047432
49.047431
49.047429
49.047429
49.047429
49.047429
49.047429
49.047429
49.047429
49.047429
49.047429
49.046934
49.046901
49.044931
49.043928
49.027231
49.026210
49.026210
49.002343
49.001214
49.000882
48.996141
48.996138
48.996136
48.994561
48.990282
48.987854
48.969473
48.958603
48.951474
48.951416
48.942068
48.942068
48.936503
48.935529
48.928645
48.927012
48.925886
48.915484
48.905291
48.904709
48.897773
48.881380
48.880534
48.876520
48.862910
48.855439
48.840625
48.833622
48.832234
48.831759
48.829900
48.828392
48.824284
48.823350
48.823040
48.818851
48.809967
48.809177
48.808542
48.808041
48.807399
48.795653
48.782737
48.782733
48.772333
48.769702
48.769702
48.768227
48.761559
48.760586
48.760586
48.760419
48.759934
48.759752
48.759752
48.759752
48.759752
48.759752
48.759752
48.759752
48.759752
48.759752
48.759752
48.759752
48.759752
48.759752
48.759752
48.759752
48.759752
48.759750
48.759749
48.759745
48.759745
48.759745
48.759745
48.759745
48.759745
48.758727
48.758418
48.755074
48.755074
48.750375
48.746329
48.744029
48.743623
48.742945
48.742938
48.741588
48.741249
48.736941
48.732723
48.732723
48.729176
48.729176
48.711058
48.708100
48.694496
48.694127
48.693612
48.690759
48.690759
48.690759
48.690759
48.690759
48.690752
48.684641
48.681423
48.674587
48.674194
48.664478
48.663498
48.661698
48.656279
48.651719
48.651719
48.641719
48.634941
48.625373
48.616651
48.616651
48.616647
48.616644
48.616644
48.616644
48.589184
48.580117
48.580017
48.577431
48.577423
48.577423
48.572619
48.572337
48.540767
48.540767
48.540767
48.540767
48.536609
48.536609
48.536609
48.536609
48.536609
48.536604
48.536600
48.531847
48.528240
48.526056
48.522341
48.518555
48.518044
48.503154
48.502810
48.501681
48.494049
48.489997
48.482252
48.481800
48.481800
48.480391
48.472070
48.462244
48.462244
48.455104
48.453304
48.452522
48.449597
48.449597
48.449597
48.449597
48.449597
48.445041
48.435457
48.431986
48.419020
48.417262
48.410992
48.402124
48.400904
48.399446
48.384267
48.368190
48.367198
48.364237
48.363074
48.361710
48.359906
48.359265
48.357282
48.357083
48.356275
48.355648
48.355276
48.354387
48.354359
48.354337
48.354297
48.354287
48.354287
48.354287
48.354287
48.354287
48.354287
48.354287
48.354287
48.354287
48.354287
48.354287
48.354287
48.354287
48.354287
48.354287
48.354287
48.354287
48.354287
48.354287
48.354287
48.354287
48.354287
48.354287
48.354287
48.354287
48.354287
48.354287
48.354287
48.354287
48.354287
48.354287
48.354287
48.354287
48.354287
48.354287
48.354287
48.354287
48.354287
48.354287
48.354287
48.354287
48.354287
48.354287
48.354287
48.354287
48.354287
48.354287
48.354287
48.354287
48.354287
48.354287
48.354287
48.354287
48.354287
48.354287
48.354287
48.354287
48.354287
48.354287
48.354287
48.354287
48.354287
48.354286
48.354282
48.354282
48.354282
48.354282
48.354277
48.354277
48.354277
48.354277
48.354277
48.354277
48.354277
48.354277
48.354277
48.354277
48.354277
48.354277
48.353382
48.353286
48.353286
48.353286
48.352285
48.352285
48.352282
48.351977
48.351277
48.349273
48.345246
48.344580
48.344247
48.343226
48.337338
48.337136
48.334084
48.332174
48.327943
48.322796
48.315546
48.314682
48.311014
48.309487
48.302994
48.302983
48.302833
48.299235
48.289801
48.284744
48.276325
48.271536
48.270894
48.268729
48.261678
48.252045
48.248926
48.248926
48.248915
48.248915
48.248915
48.248915
48.248915
48.248915
48.248815
48.246702
48.242237
48.239067
48.238253
48.232119
48.232119
48.232023
48.229904
48.226963
48.224626
48.215025
48.215025
48.214841
48.212566
48.211571
48.211571
48.208104
48.203464
48.203464
48.199234
48.197525
48.191768
48.191768
48.191756
48.190119
48.189746
48.180469
48.180229
48.179981
48.175399
48.155263
48.153394
48.144800
48.140595
48.134924
48.134902
48.134450
48.132410
48.131923
48.131893
48.131143
48.131143
48.131143
48.131143
48.131143
48.131143
48.131143
48.131143
48.131143
48.131143
48.131137
48.131131
48.131131
48.131131
48.131131
48.131131
48.131131
48.131131
48.131131
48.131006
48.128998
48.127386
48.112416
48.112203
48.106756
48.105826
48.105813
48.100684
48.098679
48.098349
48.098104
48.098104
48.097982
48.095788
48.093632
48.092922
48.087305
48.087295
48.082478
48.078202
48.073249
48.066605
48.066605
48.066605
48.066605
48.066605
48.066605
48.066605
48.066592
48.066592
48.053168
48.053168
48.042312
48.040938
48.035827
48.032932
48.025783
48.025783
48.022208
48.021457
48.017415
48.011818
48.007032
48.003482
48.000465
48.000465
48.000038
47.998940
47.997755
47.997612
47.997612
47.997612
47.997612
47.997612
47.997612
47.997612
47.997612
47.997612
47.997612
47.997612
47.997598
47.997598
47.997598
47.996018
47.991752
47.973422
47.971327
47.970087
47.966515
47.961244
47.953780
47.952165
47.949954
47.949322
47.948482
47.947167
47.944814
47.944476
47.944276
47.944276
47.938764
47.932205
47.926042
47.924450
47.923504
47.923504
47.923504
47.923489
47.923489
47.915994
47.907992
47.906906
47.904870
47.904862
47.899135
47.895158
47.892251
47.892251
47.891187
47.890782
47.890766
47.887478
47.884283
47.879464
47.878507
47.878024
47.877863
47.877142
47.875194
47.863264
47.863264
47.863264
47.857106
47.853809
47.850844
47.850556
47.850046
47.848477
47.848465
47.848116
47.846789
47.846186
47.846185
47.843461
47.843461
47.843461
47.843461
47.843461
47.843461
47.843461
47.843461
47.843461
47.843461
47.843461
47.843461
47.843461
47.843461
47.843461
47.843453
47.843453
47.843453
47.843445
47.843445
47.843445
47.843445
47.843445
47.843445
47.843428
47.840122
47.838449
47.838449
47.838432
47.837024
47.835093
47.835093
47.833403
47.817606
47.811282
47.809560
47.809560
47.809560
47.800884
47.800884
47.799457
47.798882
47.793921
47.792168
47.790412
47.786909
47.764480
47.759066
47.756450
47.756432
47.756432
47.756432
47.756432
47.738101
47.725034
47.724080
47.724080
47.723175
47.719399
47.712403
47.708023
47.706104
47.690699
47.682891
47.678980
47.676138
47.671070
47.671070
47.671070
47.667102
47.665605
47.665570
47.665099
47.665079
47.663138
47.663138
47.663138
47.663128
47.661160
47.661140
47.661140
47.661140
47.661140
47.661140
47.661140
47.661140
47.661140
47.661140
47.661140
47.661140
47.661140
47.661140
47.661140
47.661140
47.661140
47.661140
47.661140
47.661140
47.661140
47.661140
47.661140
47.661140
47.661140
47.661140
47.661140
47.661140
47.661140
47.661140
47.661140
47.661140
47.661140
47.661140
47.661140
47.661140
47.661140
47.661140
47.661140
47.661140
47.661140
47.661140
47.661140
47.661140
47.661140
47.661140
47.661140
47.661140
47.661140
47.661140
47.661140
47.661140
47.661140
47.661140
47.661140
47.661140
47.661140
47.661140
47.661140
47.661140
47.661140
47.661140
47.661140
47.661140
47.661140
47.661140
47.661140
47.661140
47.661140
47.661140
47.661140
47.661140
47.661140
47.661140
47.661140
47.661140
47.661130
47.661130
47.661130
47.661130
47.661130
47.661130
47.661130
47.661130
47.661130
47.661120
47.661120
47.661120
47.661120
47.661120
47.661120
47.661120
47.661120
47.661120
47.661120
47.661120
47.661120
47.661120
47.661120
47.661120
47.661120
47.661100
47.660940
47.660129
47.659193
47.659138
47.659118
47.657132
47.657112
47.654176
47.654114
47.654090
47.651089
47.651089
47.651089
47.651079
47.651069
47.649067
47.642300
47.641108
47.640937
47.640937
47.640937
47.639283
47.631581
47.631149
47.631093
47.622399
47.619001
47.618935
47.618232
47.616142
47.614802
47.614048
47.611908
47.609846
47.609846
47.609825
47.609088
47.605627
47.602038
47.601721
47.601721
47.601721
47.601721
47.601721
47.601721
47.601721
47.601390
47.600476
47.598840
47.597697
47.590835
47.583180
47.579908
47.577747
47.577736
47.573379
47.571215
47.569566
47.566829
47.566829
47.563004
47.557988
47.555779
47.555779
47.555779
47.555779
47.555779
47.555768
47.555768
47.555757
47.555757
47.555757
47.555757
47.555757
47.555757
47.555757
47.555757
47.555757
47.551314
47.549090
47.546851
47.542356
47.539135
47.533306
47.533284
47.530112
47.529161
47.528751
47.527878
47.526074
47.522301
47.521878
47.521878
47.521878
47.521878
47.521878
47.521878
47.521878
47.521878
47.521866
47.521855
47.521671
47.520432
47.510317
47.510268
47.509454
47.508012
47.506641
47.503913
47.501808
47.498597
47.495952
47.489165
47.486786
47.486763
47.481141
47.477367
47.472474
47.472470
47.470049
47.469586
47.467555
47.466130
47.460222
47.455345
47.455340
47.450616
47.450394
47.450220
47.447947
47.447947
47.447947
47.447947
47.445443
47.440493
47.440481
47.440481
47.440481
47.440481
47.440481
47.440481
47.440481
47.438851
47.438276
47.437996
47.437996
47.437996
47.437996
47.437996
47.437996
47.437996
47.437996
47.437996
47.437996
47.437996
47.437996
47.437996
47.437996
47.437996
47.437996
47.437984
47.437984
47.437984
47.437971
47.437971
47.437971
47.437971
47.437971
47.437971
47.437971
47.437971
47.437971
47.437971
47.437921
47.437496
47.435493
47.435493
47.431551
47.426370
47.425616
47.425417
47.425392
47.423283
47.412678
47.412666
47.412138
47.410868
47.402873
47.401410
47.401388
47.400668
47.400139
47.399775
47.399762
47.398215
47.391952
47.391952
47.391952
47.391952
47.391952
47.391952
47.391952
47.391952
47.389758
47.389696
47.387925
47.386703
47.386703
47.386677
47.386353
47.385939
47.384050
47.382117
47.378777
47.378505
47.376121
47.376121
47.373458
47.373458
47.373444
47.373431
47.371739
47.371739
47.371739
47.371739
47.371739
47.371739
47.371739
47.369717
47.368110
47.368110
47.365426
47.364591
47.364575
47.362734
47.361716
47.360843
47.360843
47.360843
47.360843
47.360035
47.360008
47.359503
47.357753
47.357301
47.356961
47.354886
47.354886
47.350001
47.349165
47.346429
47.341871
47.340882
47.338176
47.337209
47.337070
47.332661
47.332636
47.332636
47.325595
47.324430
47.324267
47.320030
47.318711
47.317990
47.317990
47.313408
47.310163
47.305965
47.304465
47.304465
47.304465
47.304465
47.304465
47.304465
47.304465
47.304465
47.304465
47.304451
47.304436
47.304179
47.301604
47.293081
47.291713
47.290298
47.290047
47.287359
47.287359
47.287109
47.275771
47.275477
47.275463
47.275448
47.275448
47.275448
47.267747
47.266585
47.262364
47.259503
47.257967
47.257673
47.257673
47.257493
47.256903
47.256326
47.254644
47.254644
47.247822
47.246805
47.245624
47.245594
47.245594
47.241306
47.241090
47.240874
47.239253
47.233429
47.227275
47.227275
47.225731
47.221977
47.221726
47.216904
47.215767
47.214853
47.214821
47.207350
47.202274
47.199104
47.196833
47.195925
47.195925
47.194016
47.192735
47.192735
47.192735
47.192735
47.192735
47.192735
47.192735
47.191327
47.188274
47.187787
47.183104
47.183104
47.183104
47.183072
47.183072
47.183072
47.164186
47.163136
47.162737
47.156959
47.155195
47.153642
47.153609
47.150581
47.150314
47.150314
47.150314
47.150314
47.150314
47.150314
47.150314
47.150314
47.150314
47.150314
47.150314
47.150314
47.150314
47.150314
47.150314
47.150314
47.150314
47.150314
47.150314
47.150314
47.150314
47.150314
47.150314
47.150314
47.150314
47.150314
47.150314
47.150314
47.150314
47.150314
47.150314
47.150314
47.150314
47.150314
47.150314
47.150314
47.150314
47.150314
47.150314
47.150314
47.150314
47.150314
47.150314
47.150314
47.150314
47.150314
47.150314
47.150314
47.150314
47.150314
47.150309
47.150297
47.150297
47.150297
47.150297
47.150297
47.150281
47.150281
47.150281
47.150281
47.150281
47.150281
47.150281
47.150281
47.150281
47.150281
47.149981
47.149530
47.148479
47.147377
47.146975
47.146959
47.143592
47.143577
47.133507
47.133507
47.133456
47.128598
47.126704
47.126670
47.124898
47.116413
47.116378
47.114856
47.114806
47.112612
47.111555
47.102523
47.097142
47.094833
47.093038
47.092466
47.086692
47.081321
47.078278
47.077743
47.071091
47.070986
47.070585
47.063303
47.054791
47.053136
47.051581
47.044954
47.044954
47.044954
47.042783
47.042358
47.041243
47.035244
47.027852
47.026261
47.016631
47.011110
47.011083
47.008588
47.007905
47.007213
47.007213
47.007213
47.007213
47.005269
47.002493
47.001698
46.995608
46.989146
46.987795
46.978488
46.978171
46.971985
46.967993
46.967993
46.967993
46.967993
46.967993
46.967993
46.967993
46.967993
46.967993
46.967993
46.967993
46.967993
46.967993
46.967993
46.967993
46.967993
46.967993
46.967993
46.967993
46.967993
46.967993
46.967993
46.967993
46.967993
46.967993
46.967993
46.967993
46.967993
46.967993
46.967993
46.967973
46.967973
46.967973
46.967953
46.967948
46.966212
46.965951
46.964017
46.961975
46.961008
46.957262
46.951506
46.950521
46.945061
46.942939
46.935221
46.932075
46.931329
46.927171
46.927171
46.927171
46.927171
46.927171
46.927150
46.924480
46.924233
46.924028
46.923163
46.922995
46.918880
46.918802
46.908589
46.906117
46.906117
46.905717
46.892225
46.891453
46.890190
46.888949
46.888906
46.886638
46.884611
46.884611
46.884611
46.884611
46.884568
46.879211
46.877097
46.877097
46.877097
46.877097
46.877097
46.877097
46.877097
46.875877
46.874283
46.863888
46.862632
46.862632
46.862588
46.854664
46.854087
46.840523
46.840159
46.840159
46.840114
46.835594
46.825406
46.815773
46.814136
46.812508
46.812489
46.808293
46.799815
46.794130
46.793639
46.793592
46.788866
46.788866
46.788866
46.779250
46.778533
46.778526
46.774701
46.772017
46.771032
46.769566
46.769542
46.769542
46.768352
46.766491
46.764532
46.760033
46.754922
46.754799
46.753982
46.749812
46.749812
46.749787
46.749787
46.749363
46.748615
46.748534
46.745349
46.745324
46.744989
46.744949
46.744854
46.744854
46.744854
46.744849
46.744849
46.744849
46.744849
46.744849
46.744849
46.744849
46.744849
46.744849
46.744849
46.744849
46.744849
46.744849
46.744849
46.744849
46.744849
46.744849
46.744849
46.744849
46.744849
46.744849
46.744849
46.744849
46.744849
46.744849
46.744849
46.744849
46.744849
46.744849
46.744849
46.744849
46.744849
46.744849
46.744849
46.744849
46.744849
46.744849
46.744849
46.744849
46.744849
46.744849
46.744849
46.744849
46.744849
46.744849
46.744849
46.744849
46.744849
46.744849
46.744849
46.744849
46.744849
46.744849
46.744849
46.744849
46.744849
46.744849
46.744849
46.744849
46.744824
46.744824
46.744799
46.744799
46.744799
46.744799
46.744799
46.744799
46.744799
46.744799
46.744349
46.740500
46.739836
46.739836
46.739836
46.739836
46.739836
46.739836
46.737595
46.737586
46.726227
46.726206
46.719531
46.719531
46.719506
46.718418
46.710829
46.710035
46.704451
46.702924
46.698277
46.697965
46.695297
46.693556
46.693556
46.693556
46.693556
46.693529
46.693503
46.693503
46.693503
46.693503
46.690816
46.688279
46.682122
46.681643
46.681350
46.677640
46.677640
46.674119
46.668354
46.666887
46.666887
46.666887
46.666833
46.666833
46.656018
46.639988
46.639489
46.639489
46.639489
46.639489
46.639489
46.639489
46.639473
46.639461
46.639433
46.639433
46.639433
46.639433
46.639433
46.639433
46.639433
46.639433
46.639433
46.639433
46.639433
46.639433
46.639420
46.636632
46.633862
46.629438
46.628934
46.628259
46.628149
46.616479
46.611318
46.611318
46.611318
46.611318
46.611318
46.611261
46.611261
46.611261
46.611261
46.611261
46.611261
46.611261
46.607600
46.599765
46.597235
46.594567
46.594549
46.594026
46.590143
46.588195
46.584837
46.582565
46.582330
46.582330
46.582330
46.582330
46.582330
46.582271
46.582271
46.582271
46.582271
46.582271
46.582271
46.582212
46.581742
46.580249
46.580246
46.579079
46.576430
46.570558
46.570496
46.564525
46.564525
46.561780
46.556952
46.555504
46.555333
46.552659
46.552477
46.552477
46.552477
46.552417
46.551650
46.546398
46.545189
46.545189
46.535716
46.534611
46.534128
46.534128
46.530522
46.526498
46.525145
46.522851
46.521705
46.521705
46.521705
46.521705
46.521643
46.521643
46.521643
46.521080
46.513358
46.513358
46.511655
46.509127
46.505188
46.504647
46.502777
46.499524
46.496388
46.496388
46.493513
46.493506
46.489957
46.489892
46.489570
46.489200
46.489200
46.489200
46.488440
46.488314
46.486426
46.483484
46.483484
46.482185
46.478416
46.476970
46.476371
46.470412
46.463812
46.463812
46.459141
46.457825
46.457167
46.457167
46.457167
46.457167
46.457167
46.457167
46.457167
46.457167
46.457167
46.457167
46.457167
46.457167
46.457167
46.457167
46.457167
46.457167
46.457167
46.457167
46.457167
46.457167
46.457167
46.457167
46.457167
46.457167
46.457167
46.457167
46.457167
46.457167
46.457167
46.457167
46.457167
46.457167
46.457167
46.457167
46.457167
46.457167
46.457167
46.457167
46.457167
46.457167
46.457167
46.457167
46.457167
46.457167
46.457167
46.457167
46.457167
46.457167
46.457134
46.457100
46.457100
46.457100
46.457100
46.455424
46.451235
46.450955
46.450478
46.450209
46.449621
46.448369
46.444689
46.444464
46.444157
46.443812
46.443744
46.443710
46.443367
46.441421
46.441271
46.440637
46.438836
46.438640
46.438640
46.438463
46.438463
46.438463
46.438463
46.438463
46.438463
46.438463
46.438324
46.436964
46.436964
46.434936
46.432128
46.430252
46.428728
46.428575
46.427463
46.426691
46.423196
46.422886
46.422719
46.419876
46.416345
46.416345
46.416345
46.416345
46.416345
46.413660
46.409341
46.405874
46.402992
46.402359
46.395930
46.395292
46.391458
46.388181
46.388174
46.388174
46.388174
46.388174
46.388174
46.388138
46.388103
46.388103
46.387847
46.387531
46.387409
46.385814
46.381972
46.378484
46.377964
46.373785
46.373785
46.366513
46.366015
46.364987
46.362908
46.362867
46.362794
46.362669
46.360713
46.351956
46.351065
46.350745
46.347352
46.346858
46.346831
46.344371
46.339134
46.337180
46.337068
46.336881
46.336578
46.336053
46.329334
46.329258
46.328972
46.323792
46.321729
46.316004
46.314066
46.314066
46.314066
46.314066
46.314066
46.314066
46.314066
46.314066
46.314028
46.313989
46.313989
46.312987
46.312426
46.310984
46.310837
46.306936
46.306751
46.306267
46.298084
46.294846
46.294648
46.293267
46.292251
46.290719
46.283766
46.282219
46.278837
46.278683
46.275049
46.274845
46.274845
46.274845
46.274845
46.274845
46.274845
46.274845
46.274845
46.274845
46.274845
46.274199
46.274045
46.273575
46.272653
46.267781
46.267781
46.264960
46.262368
46.261904
46.261516
46.259854
46.258716
46.258716
46.256858
46.250553
46.248173
46.247276
46.240834
46.236383
46.235605
46.234023
46.234023
46.234023
46.234023
46.234023
46.234023
46.234023
46.234023
46.234023
46.234023
46.234023
46.234023
46.234023
46.234023
46.233940
46.233940
46.233940
46.233164
46.233080
46.233080
46.231479
46.230685
46.230195
46.228075
46.225729
46.225655
46.225571
46.223078
46.219834
46.218842
46.218342
46.208706
46.206738
46.203497
46.202891
46.201823
46.200202
46.200122
46.197949
46.197795
46.194542
46.191464
46.191464
46.191464
46.191464
46.191464
46.189798
46.188826
46.188729
46.187911
46.187455
46.182730
46.182730
46.182730
46.181869
46.178058
46.177982
46.177406
46.176129
46.175219
46.175219
46.175219
46.175219
46.175219
46.175219
46.175219
46.175219
46.172411
46.169485
46.169485
46.165031
46.165031
46.165031
46.164852
46.163780
46.162348
46.161453
46.160335
46.156062
46.147012
46.146921
46.145455
46.142206
46.137788
46.128663
46.128663
46.128663
46.128663
46.128562
46.119361
46.118086
46.115615
46.113225
46.112941
46.112289
46.111005
46.109971
46.108148
46.104139
46.102897
46.102236
46.100492
46.100492
46.100492
46.100492
46.100492
46.100492
46.100492
46.100492
46.100492
46.100492
46.100492
46.099745
46.099730
46.090923
46.090923
46.090826
46.087581
46.087571
46.081261
46.081261
46.081261
46.081261
46.080858
46.076540
46.074832
46.073845
46.072856
46.071504
46.071504
46.071504
46.069420
46.069317
46.068987
46.068605
46.068436
46.064705
46.063927
46.063423
46.062402
46.061702
46.061652
46.061652
46.061652
46.061652
46.061652
46.061652
46.061652
46.061652
46.061652
46.061652
46.061652
46.061652
46.061652
46.061652
46.061652
46.061652
46.061652
46.061652
46.061652
46.061652
46.061652
46.061652
46.061652
46.061603
46.061603
46.061603
46.061553
46.061203
46.059432
46.058758
46.056646
46.055875
46.055096
46.055006
46.052697
46.052522
46.051902
46.051802
46.051702
46.051702
46.051702
46.051702
46.051702
46.051702
46.051702
46.051702
46.051702
46.051702
46.051702
46.051702
46.051702
46.051702
46.051702
46.051702
46.051702
46.051702
46.051702
46.051702
46.051702
46.051702
46.051702
46.051702
46.051702
46.051702
46.051702
46.051702
46.051702
46.051702
46.051702
46.051702
46.051702
46.051702
46.051702
46.051702
46.051702
46.051702
46.051702
46.051702
46.051702
46.051702
46.051702
46.051702
46.051702
46.051702
46.051702
46.051702
46.051702
46.051702
46.051702
46.051702
46.051702
46.051702
46.051702
46.051702
46.051702
46.051702
46.051702
46.051702
46.051702
46.051702
46.051702
46.051702
46.051702
46.051702
46.051702
46.051702
46.051702
46.051702
46.051702
46.051702
46.051702
46.051702
46.051702
46.051702
46.051702
46.051702
46.051702
46.051702
46.051702
46.051702
46.051702
46.051702
46.051702
46.051702
46.051702
46.051702
46.051702
46.051702
46.051702
46.051702
46.051702
46.051702
46.051702
46.051702
46.051702
46.051702
46.051702
46.051702
46.051702
46.051702
46.051702
46.051702
46.051702
46.051702
46.051702
46.051702
46.051702
46.051702
46.051702
46.051702
46.051702
46.051702
46.051702
46.051702
46.051702
46.051702
46.051702
46.051702
46.051702
46.051702
46.051702
46.051702
46.051702
46.051702
46.051702
46.051702
46.051702
46.051702
46.051702
46.051702
46.051702
46.051702
46.051702
46.051702
46.051702
46.051702
46.051702
46.051702
46.051702
46.051702
46.051702
46.051702
46.051702
46.051702
46.051702
46.051702
46.051702
46.051702
46.051702
46.051702
46.051702
46.051702
46.051702
46.051702
46.051702
46.051702
46.051702
46.051702
46.051702
46.051702
46.051702
46.051702
46.051702
46.051702
46.051702
46.051702
46.051702
46.051702
46.051702
46.051702
46.051702
46.051702
46.051702
46.051702
46.051702
46.051702
46.051702
46.051702
46.051702
46.051652
46.051652
46.051652
46.051652
46.051652
46.051652
46.051652
46.051652
46.051652
46.051652
46.051602
46.051602
46.051602
46.051602
46.051602
46.051602
46.051602
46.051602
46.051602
46.051602
46.051602
46.051602
46.051602
46.051502
46.051502
46.051502
46.051452
46.051402
46.051374
46.051305
46.051302
46.051102
46.050902
46.050701
46.050701
46.050601
46.049907
46.049499
46.048497
46.048358
46.047192
46.046689
46.046689
46.045955
46.043512
46.043166
46.041652
46.041652
46.041652
46.041652
46.041652
46.041652
46.041652
46.041652
46.041652
46.041652
46.041652
46.041652
46.037491
46.037354
46.035572
46.033862
46.031996
46.031499
46.031499
46.031499
46.031499
46.031499
46.031499
46.031499
46.031499
46.031499
46.031499
46.031499
46.031499
46.031499
46.031499
46.031499
46.031499
46.031499
46.031499
46.031499
46.031499
46.031499
46.031499
46.031499
46.027015
46.026384
46.026384
46.021243
46.021243
46.021243
46.018184
46.016841
46.016496
46.016489
46.013896
46.013273
46.012002
46.011869
46.011861
46.010880
46.010880
46.010880
46.007777
46.003784
46.003498
46.000830
46.000830
46.000554
46.000409
46.000409
46.000409
46.000409
46.000409
46.000409
46.000409
46.000409
46.000409
46.000409
46.000409
46.000409
46.000303
45.999355
45.998140
45.995908
45.993013
45.991952
45.989826
45.989826
45.989826
45.989826
45.988549
45.984979
45.982310
45.979131
45.979131
45.979131
45.979131
45.979131
45.979131
45.979131
45.977443
45.970545
45.968320
45.968320
45.968320
45.967403
45.967178
45.966480
45.966074
45.964794
45.964618
45.962840
45.961045
45.960989
45.957654
45.957391
45.957391
45.957391
45.957391
45.956719
45.955056
45.954796
45.953986
45.953496
45.952010
45.949919
45.949115
45.947431
45.947313
45.947309
45.946799
45.946647
45.946353
45.946341
45.946341
45.946341
45.946341
45.946341
45.946341
45.946341
45.946341
45.946341
45.946341
45.946341
45.946341
45.946341
45.946341
45.946341
45.946341
45.946341
45.946341
45.946341
45.946341
45.946341
45.946341
45.946341
45.946341
45.946341
45.946341
45.946341
45.946341
45.946230
45.946230
45.946086
45.946081
45.944228
45.943905
45.943669
45.942779
45.941816
45.941476
45.938901
45.935789
45.935168
45.935056
45.931838
45.929967
45.926623
45.925004
45.923868
45.923756
45.923552
45.918748
45.916832
45.916137
45.915973
45.915086
45.914931
45.914193
45.910462
45.910426
45.910155
45.909648
45.908542
45.906736
45.905051
45.903676
45.901977
45.901790
45.900969
45.900879
45.900879
45.900879
45.900474
45.898024
45.896893
45.893435
45.892589
45.892452
45.889183
45.889183
45.885508
45.885177
45.884939
45.883283
45.883149
45.882521
45.881687
45.880525
45.879744
45.878733
45.878637
45.877530
45.877348
45.877348
45.877348
45.877348
45.877348
45.877229
45.877167
45.877153
45.875590
45.873278
45.871205
45.871205
45.867986
45.867348
45.865727
45.865372
45.865372
45.865252
45.865252
45.865252
45.864408
45.862960
45.862471
45.861354
45.861329
45.861162
45.857971
45.857767
45.856476
45.855905
45.855692
45.854949
45.853251
45.853251
45.853251
45.853248
45.850971
45.844037
45.840981
45.840981
45.840981
45.840981
45.839752
45.838980
45.837612
45.829932
45.829372
45.828808
45.828558
45.828558
45.828558
45.828558
45.828558
45.828558
45.828558
45.828558
45.828558
45.828558
45.828558
45.828558
45.828558
45.828558
45.828558
45.828558
45.828433
45.828433
45.828266
45.822289
45.821824
45.821631
45.820107
45.818108
45.817798
45.817021
45.816849
45.815980
45.814713
45.813032
45.811934
45.808993
45.808481
45.807718
45.805929
45.805598
45.803633
45.803241
45.803241
45.801057
45.801007
45.800262
45.799773
45.799001
45.796994
45.796552
45.793946
45.792592
45.792592
45.792592
45.792592
45.790337
45.785450
45.781461
45.778932
45.777988
45.777265
45.775586
45.775455
45.774510
45.773754
45.773149
45.772322
45.770181
45.769549
45.768516
45.768410
45.764286
45.764210
45.764020
45.764020
45.764020
45.764020
45.764020
45.764020
45.764020
45.764020
45.764020
45.764020
45.764020
45.764020
45.764020
45.764020
45.764020
45.764020
45.764020
45.764020
45.764020
45.763954
45.763886
45.756788
45.756058
45.750597
45.749136
45.747893
45.743460
45.741911
45.740939
45.740596
45.738223
45.736991
45.736991
45.736891
45.735228
45.734934
45.733502
45.732631
45.726941
45.726225
45.725934
45.723198
45.723198
45.723198
45.722627
45.721266
45.719106
45.718114
45.717348
45.716509
45.716229
45.715901
45.715586
45.714087
45.712726
45.711834
45.709212
45.709071
45.706020
45.703660
45.702924
45.702030
45.699586
45.697880
45.697647
45.697496
45.696002
45.695027
45.695027
45.695027
45.695027
45.695027
45.695027
45.695027
45.695027
45.695027
45.695027
45.695027
45.695027
45.695027
45.695027
45.695027
45.695027
45.695027
45.695027
45.695027
45.695027
45.695027
45.694884
45.694884
45.694440
45.693775
45.692853
45.691704
45.691013
45.690776
45.689461
45.687798
45.686504
45.683660
45.680638
45.680493
45.680331
45.678971
45.677740
45.675277
45.672354
45.669856
45.666667
45.666039
45.663369
45.662754
45.659252
45.652706
45.651224
45.651224
45.650901
45.650371
45.650371
45.650371
45.650371
45.650371
45.650371
45.650371
45.650371
45.650371
45.650371
45.647324
45.646087
45.645236
45.644441
45.644232
45.642142
45.636944
45.636666
45.636186
45.636186
45.636186
45.635913
45.633818
45.631168
45.626645
45.624200
45.620919
45.620919
45.620919
45.620919
45.620919
45.620919
45.614746
45.613972
45.612947
45.610869
45.610508
45.610246
45.609534
45.609188
45.609062
45.607594
45.606999
45.604146
45.603851
45.602187
45.599404
45.599145
45.597981
45.597186
45.595364
45.591286
45.589666
45.589666
45.589666
45.588510
45.587457
45.585182
45.584793
45.581178
45.581097
45.577530
45.573666
45.573666
45.573666
45.573325
45.569887
45.562658
45.560717
45.560583
45.557520
45.557406
45.557324
45.557242
45.555929
45.548363
45.547521
45.540876
45.540876
45.540876
45.540876
45.540876
45.540876
45.540876
45.540876
45.540876
45.540876
45.540876
45.540876
45.540876
45.540876
45.540876
45.540876
45.540876
45.540876
45.540876
45.540793
45.540710
45.540710
45.539876
45.539821
45.538281
45.537715
45.537085
45.532340
45.528297
45.525180
45.525029
45.524069
45.524069
45.523052
45.520625
45.519482
45.509922
45.508270
45.506975
45.506975
45.504558
45.501598
45.501205
45.499707
45.498887
45.493959
45.492823
45.490529
45.490090
45.489583
45.489583
45.489583
45.489583
45.481188
45.478114
45.476874
45.473872
45.471883
45.471883
45.471883
45.470978
45.469702
45.462049
45.461787
45.458929
45.456371
45.454006
45.453865
45.453865
45.453865
45.453865
45.453865
45.453865
45.453865
45.453865
45.453865
45.453865
45.453865
45.453865
45.453865
45.453865
45.453865
45.453865
45.453774
45.453683
45.450204
45.446566
45.442409
45.441824
45.440635
45.435516
45.435516
45.435516
45.435516
45.435516
45.432445
45.422606
45.422468
45.417389
45.416824
45.416824
45.416824
45.416729
45.415485
45.414935
45.414048
45.414048
45.414048
45.413989
45.413449
45.413043
45.412664
45.412475
45.408254
45.407345
45.406154
45.402069
45.398711
45.397583
45.393714
45.393714
45.393536
45.390166
45.386017
45.382223
45.378558
45.378357
45.378161
45.375169
45.371121
45.370505
45.368505
45.366324
45.365312
45.362547
45.362068
45.360553
45.360453
45.360353
45.360353
45.360353
45.360353
45.360112
45.358955
45.358592
45.358592
45.358592
45.358592
45.358592
45.358592
45.358592
45.358592
45.358555
45.358555
45.358555
45.358555
45.358555
45.358555
45.358555
45.358555
45.358555
45.358555
45.358555
45.358555
45.358555
45.358555
45.358555
45.358555
45.358555
45.358555
45.358555
45.358555
45.358555
45.358555
45.358555
45.358555
45.358555
45.358555
45.358555
45.358555
45.358555
45.358555
45.358555
45.358555
45.358555
45.358555
45.358555
45.358555
45.358555
45.358555
45.358555
45.358555
45.358555
45.358555
45.358555
45.358555
45.358555
45.358555
45.358555
45.358555
45.358555
45.358555
45.358555
45.358555
45.358555
45.358555
45.358555
45.358555
45.358555
45.358555
45.358555
45.358555
45.358555
45.358555
45.358555
45.358555
45.358555
45.358555
45.358555
45.358555
45.358555
45.358555
45.358555
45.358555
45.358555
45.358555
45.358555
45.358555
45.358555
45.358537
45.358499
45.358455
45.358455
45.358355
45.358355
45.358355
45.358355
45.358355
45.358355
45.358355
45.358229
45.358155
45.358155
45.358155
45.356881
45.356452
45.356352
45.356231
45.355099
45.354547
45.354034
45.353522
45.353522
45.352674
45.351530
45.350833
45.348527
45.348504
45.345702
45.344630
45.343937
45.343295
45.342353
45.340391
45.338352
45.338352
45.338352
45.338352
45.338352
45.338352
45.338352
45.338352
45.338352
45.338352
45.338352
45.338352
45.338352
45.338352
45.338352
45.338352
45.338352
45.338352
45.338352
45.338352
45.338352
45.338250
45.338250
45.336633
45.336320
45.336309
45.336299
45.336105
45.333164
45.331728
45.330155
45.330155
45.330155
45.326575
45.325574
45.321083
45.319992
45.318774
45.318774
45.317733
45.317733
45.317733
45.317733
45.317733
45.317733
45.317733
45.317629
45.316690
45.316627
45.315647
45.314806
45.314101
45.307261
45.307086
45.305787
45.304232
45.303660
45.298202
45.297073
45.296679
45.296679
45.296679
45.295627
45.295580
45.294069
45.292790
45.290564
45.289502
45.285112
45.283226
45.276419
45.276419
45.276419
45.275173
45.268630
45.266282
45.264265
45.259855
45.259839
45.257657
45.256088
45.253194
45.253194
45.253194
45.253194
45.253194
45.253194
45.253194
45.253194
45.253194
45.253194
45.253194
45.253194
45.253194
45.253194
45.253194
45.253194
45.253143
45.252972
45.250747
45.250377
45.249406
45.248740
45.247925
45.245386
45.244434
45.242639
45.241569
45.236173
45.235533
45.234227
45.233722
45.233671
45.231381
45.230721
45.230721
45.230721
45.230721
45.230721
45.230721
45.230721
45.230721
45.230721
45.230721
45.230721
45.229912
45.224886
45.223422
45.219867
45.216433
45.214000
45.211572
45.211501
45.211011
45.210287
45.207927
45.207732
45.207732
45.207732
45.207732
45.207732
45.207057
45.203680
45.203070
45.198386
45.196193
45.192932
45.190680
45.190680
45.189307
45.186122
45.184201
45.184201
45.184201
45.183407
45.183407
45.183407
45.181120
45.178471
45.172225
45.170863
45.170537
45.166970
45.165443
45.163999
45.160104
45.160104
45.160104
45.160104
45.160104
45.157615
45.155417
45.155417
45.154425
45.153880
45.149052
45.147834
45.147834
45.141388
45.141174
45.140399
45.137659
45.137409
45.135411
45.135411
45.135411
45.135411
45.135411
45.135411
45.135411
45.135411
45.135411
45.135411
45.135411
45.135411
45.135411
45.135411
45.135411
45.135411
45.135411
45.135411
45.135411
45.135411
45.135411
45.135411
45.135411
45.135411
45.135411
45.135411
45.135411
45.135411
45.135411
45.135411
45.135411
45.135411
45.135411
45.135411
45.135411
45.135411
45.135161
45.135161
45.135133
45.135133
45.135133
45.135133
45.135133
45.135133
45.135133
45.134274
45.133159
45.132018
45.130997
45.126886
45.125361
45.125361
45.124856
45.123644
45.123085
45.122980
45.122922
45.119297
45.117858
45.115634
45.115208
45.115208
45.115208
45.115208
45.112659
45.110094
45.110093
45.110093
45.110093
45.110093
45.110093
45.110093
45.109837
45.109799
45.109324
45.107372
45.105678
45.097847
45.093990
45.090937
45.090595
45.085093
45.084118
45.084118
45.084118
45.084118
45.084118
45.084118
45.084118
45.080486
45.078968
45.078221
45.074333
45.072208
45.070873
45.069605
45.065209
45.063378
45.062536
45.062361
45.057450
45.057450
45.057450
45.057450
45.057450
45.057450
45.057314
45.052744
45.049308
45.048141
45.045447
45.045377
45.044212
45.043014
45.042088
45.040499
45.037019
45.033768
45.030051
45.030051
45.030051
45.030051
45.030051
45.030051
45.030051
45.030051
45.030051
45.030051
45.030051
45.030051
45.029773
45.029773
45.029620
45.029382
45.025485
45.025038
45.022371
45.021312
45.019294
45.017193
45.016729
45.016695
45.016216
45.016064
45.011425
45.008947
45.005368
45.004733
45.003846
45.001880
45.001880
45.001880
45.001880
45.001880
45.001880
45.001880
45.001880
45.001880
45.001880
45.001880
45.001880
45.001880
45.001737
45.001594
45.001594
45.001480
44.999334
44.999187
44.998194
44.997486
44.997325
44.993348
44.991929
44.991410
44.991410
44.990627
44.990443
44.990418
44.989432
44.989256
44.989187
44.987781
44.984646
44.982868
44.982222
44.980001
44.979864
44.975602
44.975242
44.974326
44.974068
44.974023
44.973004
44.972892
44.972892
44.972791
44.970419
44.965652
44.965512
44.962842
44.959871
44.958077
44.957926
44.956804
44.956337
44.953591
44.953421
44.952990
44.952128
44.951917
44.945944
44.945914
44.945914
44.945189
44.944818
44.944552
44.943039
44.943039
44.943039
44.943039
44.943039
44.943039
44.943039
44.943039
44.943039
44.942736
44.942736
44.942736
44.942456
44.942363
44.940304
44.937240
44.932787
44.931099
44.930167
44.929927
44.929646
44.928387
44.927772
44.926541
44.925894
44.925406
44.924690
44.924690
44.917396
44.917056
44.916477
44.916369
44.915076
44.912829
44.912268
44.912268
44.912268
44.912268
44.912268
44.911528
44.909845
44.907479
44.907268
44.904550
44.903330
44.893710
44.890150
44.885667
44.884977
44.882948
44.881368
44.880906
44.880745
44.880519
44.880519
44.880519
44.880160
44.878603
44.878603
44.878603
44.878603
44.878603
44.878603
44.877345
44.875128
44.874804
44.874696
44.869473
44.868723
44.868185
44.867532
44.867519
44.867519
44.864258
44.864258
44.863930
44.863162
44.862358
44.862289
44.858514
44.858202
44.856280
44.856279
44.854374
44.853691
44.851737
44.850725
44.849859
44.849171
44.847729
44.847729
44.847729
44.847729
44.847729
44.847729
44.847729
44.847729
44.847729
44.847729
44.847729
44.847729
44.847729
44.847729
44.847729
44.847729
44.847729
44.847729
44.847729
44.847729
44.847729
44.847729
44.847729
44.847729
44.847729
44.847729
44.847729
44.847729
44.847729
44.847729
44.847729
44.847729
44.847729
44.847729
44.847729
44.847729
44.847729
44.847729
44.847729
44.847729
44.847729
44.847562
44.847562
44.847562
44.847562
44.847396
44.847396
44.845393
44.843051
44.842683
44.842683
44.839434
44.837679
44.834306
44.832428
44.831422
44.830927
44.824460
44.822342
44.820981
44.813828
44.813828
44.813828
44.813828
44.813828
44.813828
44.813828
44.813828
44.813828
44.813656
44.813483
44.812441
44.812367
44.811177
44.808909
44.806907
44.806907
44.803875
44.798244
44.797636
44.797203
44.796436
44.796436
44.795548
44.795280
44.793051
44.791889
44.791159
44.789393
44.787271
44.786385
44.785854
44.781399
44.778736
44.778736
44.778736
44.778736
44.778736
44.778736
44.778736
44.776376
44.775699
44.775158
44.773409
44.770763
44.770655
44.768722
44.763067
44.762955
44.760718
44.758898
44.757075
44.745874
44.745243
44.742369
44.742369
44.742369
44.742369
44.742369
44.740329
44.729561
44.722166
44.722043
44.717502
44.717450
44.715188
44.708794
44.705719
44.704628
44.704628
44.704628
44.704628
44.704628
44.704628
44.704628
44.704628
44.704628
44.704544
44.704244
44.703633
44.703474
44.698681
44.698455
44.696673
44.696503
44.693122
44.691855
44.690676
44.689126
44.683087
44.682993
44.680099
44.678158
44.676941
44.674448
44.672444
44.671656
44.671450
44.670420
44.669400
44.669400
44.669201
44.667927
44.665964
44.665407
44.665407
44.665407
44.665407
44.665407
44.665407
44.665407
44.665407
44.665407
44.665407
44.665407
44.665407
44.665407
44.665407
44.665407
44.665407
44.665407
44.665407
44.665407
44.665407
44.665407
44.665407
44.665407
44.665407
44.665407
44.665407
44.665407
44.665407
44.665407
44.665407
44.665207
44.665207
44.665007
44.665007
44.665007
44.662556
44.661399
44.660355
44.655357
44.655357
44.654551
44.651366
44.650497
44.649278
44.648302
44.645205
44.642224
44.634636
44.634636
44.631219
44.624586
44.624586
44.624586
44.624586
44.624586
44.624586
44.624586
44.624586
44.624586
44.624586
44.624586
44.624544
44.623340
44.622917
44.622513
44.619797
44.619531
44.619531
44.619154
44.617523
44.614535
44.612007
44.610562
44.609895
44.608938
44.607028
44.606463
44.605657
44.603928
44.603532
44.603532
44.599695
44.599268
44.597404
44.595500
44.593951
44.593087
44.588871
44.588278
44.587547
44.586343
44.582895
44.582837
44.582026
44.582026
44.582026
44.582026
44.582026
44.582026
44.581591
44.581243
44.579834
44.576889
44.575285
44.575045
44.574007
44.572172
44.571185
44.570624
44.568015
44.567574
44.566553
44.566180
44.561921
44.560068
44.560047
44.554252
44.553090
44.551156
44.551118
44.550599
44.550221
44.548874
44.547124
44.544877
44.543320
44.542109
44.541883
44.541419
44.539844
44.539844
44.538622
44.537574
44.537574
44.537574
44.537574
44.537574
44.537574
44.537574
44.537574
44.537574
44.537119
44.534478
44.533154
44.533018
44.533018
44.533018
44.532887
44.532887
44.531705
44.528708
44.527322
44.527322
44.527322
44.527065
44.527065
44.525851
44.524620
44.524620
44.524620
44.524620
44.523844
44.523844
44.521545
44.521545
44.519225
44.518111
44.516001
44.514585
44.514585
44.514585
44.514348
44.512539
44.511880
44.509384
44.509384
44.509384
44.509384
44.506827
44.505777
44.504299
44.503056
44.500844
44.500297
44.500297
44.496232
44.494657
44.492611
44.491054
44.491054
44.491054
44.491054
44.491054
44.491054
44.491054
44.491054
44.491054
44.491006
44.490578
44.489625
44.489365
44.487679
44.487610
44.487201
44.486975
44.486350
44.486050
44.482149
44.481158
44.479078
44.473247
44.472754
44.471823
44.470884
44.470365
44.470219
44.468175
44.468121
44.466079
44.463487
44.462201
44.462067
44.461895
44.454647
44.453887
44.453811
44.453742
44.453413
44.453204
44.450728
44.449449
44.449008
44.445998
44.443430
44.443263
44.442764
44.442533
44.442264
44.442264
44.442264
44.442264
44.442264
44.442264
44.442264
44.442264
44.442264
44.442264
44.442264
44.442264
44.442264
44.442264
44.442264
44.442264
44.442264
44.442264
44.442264
44.442264
44.442264
44.442264
44.442264
44.442264
44.442264
44.442264
44.442264
44.442264
44.442264
44.442264
44.442264
44.442264
44.442264
44.442264
44.442264
44.442264
44.442264
44.442264
44.442264
44.442264
44.442264
44.442264
44.442264
44.442264
44.442264
44.442264
44.442264
44.442264
44.442264
44.442264
44.442264
44.442264
44.442264
44.442264
44.442264
44.442264
44.442264
44.442264
44.442264
44.442264
44.442264
44.442264
44.442264
44.442264
44.442264
44.442264
44.442264
44.442264
44.442264
44.442264
44.442264
44.442264
44.442264
44.442264
44.442264
44.442264
44.442264
44.442264
44.442264
44.442264
44.442264
44.442264
44.442264
44.442264
44.442264
44.442264
44.442264
44.442264
44.442264
44.442264
44.442264
44.442264
44.442264
44.442264
44.442264
44.442264
44.442264
44.442264
44.442264
44.442264
44.442264
44.442264
44.442264
44.442264
44.442264
44.442264
44.442264
44.442264
44.442264
44.442264
44.442264
44.442264
44.442264
44.442264
44.442264
44.442264
44.442264
44.442264
44.442014
44.442014
44.442014
44.441764
44.441764
44.441764
44.441764
44.441764
44.441764
44.441764
44.441764
44.439974
44.439761
44.439761
44.438634
44.438306
44.437201
44.437061
44.434339
44.432214
44.430697
44.427150
44.426950
44.425680
44.425150
44.425049
44.423065
44.422626
44.422061
44.422061
44.422061
44.422061
44.422061
44.422061
44.420021
44.419872
44.417614
44.414871
44.414505
44.414245
44.413693
44.411805
44.408511
44.406637
44.406046
44.403122
44.402967
44.401442
44.400636
44.400636
44.399787
44.397152
44.390971
44.390971
44.390971
44.390971
44.390971
44.390971
44.390971
44.390971
44.390971
44.390971
44.390971
44.390971
44.390971
44.389707
44.387776
44.382514
44.380920
44.380739
44.378259
44.377959
44.375732
44.375590
44.372901
44.372681
44.369710
44.368945
44.367796
44.363032
44.359969
44.358713
44.357465
44.345501
44.341217
44.340336
44.336903
44.336903
44.336903
44.336903
44.336903
44.336903
44.336903
44.336903
44.336903
44.336903
44.336903
44.336903
44.336903
44.336903
44.336903
44.336903
44.336903
44.336903
44.336403
44.336348
44.336348
44.336348
44.336048
44.335903
44.335836
44.334122
44.331891
44.331641
44.331332
44.331332
44.331078
44.326250
44.322145
44.322145
44.321010
44.320096
44.317761
44.317761
44.317761
44.317761
44.316787
44.314431
44.313733
44.308663
44.308361
44.305978
44.304178
44.303002
44.300811
44.298682
44.297345
44.297238
44.293861
44.290683
44.289506
44.288822
44.288685
44.288270
44.285025
44.285008
44.282682
44.281748
44.281195
44.279745
44.279745
44.279745
44.279745
44.279745
44.279745
44.279745
44.279745
44.279745
44.279745
44.279026
44.278249
44.276983
44.275984
44.274702
44.273845
44.273253
44.273146
44.267911
44.265081
44.265081
44.265081
44.257740
44.257740
44.255397
44.249892
44.249892
44.248988
44.248679
44.248445
44.248011
44.246697
44.245631
44.243203
44.241982
44.238833
44.235385
44.232830
44.232777
44.231543
44.231543
44.231543
44.231543
44.221368
44.221345
44.219120
44.219120
44.219120
44.219120
44.219120
44.219120
44.219120
44.219120
44.219120
44.219120
44.219120
44.219120
44.219120
44.219120
44.219120
44.216492
44.206542
44.205909
44.201993
44.201332
44.201332
44.200459
44.200192
44.199183
44.199163
44.198918
44.198918
44.198918
44.198918
44.198918
44.198918
44.198918
44.198918
44.197396
44.196320
44.194016
44.193729
44.190482
44.188273
44.188001
44.187372
44.187372
44.185898
44.184444
44.184141
44.184141
44.183185
44.182197
44.182169
44.180899
44.180899
44.180899
44.180899
44.180380
44.180055
44.177820
44.176238
44.173139
44.169959
44.166129
44.164730
44.159901
44.159758
44.157777
44.154582
44.154582
44.154582
44.154582
44.154582
44.154582
44.154582
44.154582
44.154582
44.154582
44.154582
44.154582
44.154582
44.154582
44.154582
44.154582
44.154582
44.154582
44.154582
44.154582
44.154582
44.154582
44.154582
44.154582
44.154582
44.154582
44.154582
44.154582
44.154582
44.154582
44.154582
44.154582
44.154582
44.154582
44.154582
44.154582
44.154582
44.154582
44.154582
44.154582
44.154582
44.154582
44.154582
44.154582
44.154582
44.154582
44.154582
44.154582
44.154582
44.154582
44.154582
44.154582
44.154582
44.154582
44.154582
44.154582
44.154582
44.154248
44.154248
44.153915
44.153915
44.153915
44.153915
44.153915
44.153502
44.153248
44.149502
44.149220
44.148936
44.147893
44.144532
44.142943
44.142895
44.142878
44.142878
44.142027
44.140483
44.136251
44.134379
44.129344
44.124107
44.122578
44.122492
44.121079
44.120680
44.120680
44.120680
44.120680
44.120680
44.120680
44.120680
44.120680
44.120680
44.120680
44.120680
44.120680
44.120680
44.120680
44.120680
44.120680
44.120680
44.120542
44.120042
44.119137
44.118336
44.113760
44.113760
44.113760
44.113760
44.108568
44.106791
44.106436
44.105271
44.104159
44.102417
44.102275
44.099991
44.098601
44.092706
44.091997
44.090555
44.088442
44.088170
44.087845
44.086848
44.085722
44.085589
44.085589
44.085589
44.085589
44.085589
44.085589
44.085589
44.085589
44.085589
44.085508
44.082744
44.081342
44.079927
44.079393
44.078421
44.078421
44.075539
44.073657
44.072949
44.072949
44.071051
44.066843
44.065751
44.063928
44.063928
44.063084
44.061924
44.057223
44.049494
44.049455
44.049221
44.049221
44.049221
44.047068
44.045511
44.043928
44.042804
44.041786
44.034296
44.030529
44.026749
44.026749
44.022414
44.022414
44.021919
44.020822
44.020754
44.020504
44.017356
44.016414
44.011481
44.011481
44.011481
44.011481
44.011481
44.011481
44.011481
44.011481
44.011096
44.010712
44.009941
44.007627
44.003759
44.002850
44.001945
43.998200
43.995977
43.994041
43.992847
43.988134
43.987821
43.987025
43.980228
43.980228
43.980228
43.980228
43.980228
43.978667
43.978266
43.978083
43.974487
43.973357
43.973060
43.972265
43.972260
43.972260
43.972260
43.972260
43.972260
43.972260
43.972260
43.972260
43.972260
43.972260
43.972260
43.972260
43.972260
43.972260
43.972260
43.972260
43.972260
43.972260
43.972260
43.972260
43.972260
43.972260
43.972260
43.972260
43.972260
43.972260
43.972260
43.972260
43.972260
43.972260
43.972260
43.972260
43.972260
43.972260
43.972260
43.972260
43.972260
43.972260
43.972260
43.972260
43.972260
43.972260
43.972260
43.972260
43.972260
43.972260
43.972260
43.972260
43.972260
43.972260
43.972260
43.972260
43.972260
43.972260
43.972260
43.972260
43.972260
43.972260
43.972260
43.972260
43.972260
43.972260
43.972260
43.972260
43.972260
43.972260
43.972260
43.972260
43.972260
43.972260
43.972260
43.972260
43.972260
43.972260
43.972260
43.972260
43.972260
43.972260
43.972260
43.972260
43.972260
43.972260
43.972260
43.972260
43.972260
43.972260
43.972260
43.972260
43.972260
43.972260
43.972260
43.972260
43.972260
43.972260
43.972260
43.972260
43.972260
43.972260
43.972260
43.972260
43.972260
43.972260
43.972260
43.972260
43.972260
43.972260
43.972260
43.972260
43.972260
43.972260
43.972260
43.972260
43.972260
43.972260
43.972260
43.972260
43.972260
43.972260
43.972260
43.972260
43.972260
43.972260
43.972260
43.972260
43.972260
43.972260
43.972260
43.972260
43.972260
43.972260
43.972260
43.972260
43.972260
43.972260
43.972260
43.972260
43.972260
43.972260
43.972260
43.972260
43.972260
43.972260
43.965547
43.965125
43.964788
43.964650
43.964228
43.964228
43.963716
43.963245
43.957868
43.956554
43.956554
43.953249
43.951233
43.947968
43.947968
43.947148
43.946278
43.943037
43.940274
43.939737
43.939737
43.939737
43.939737
43.939425
43.937940
43.935347
43.933164
43.932105
43.931438
43.931438
43.931438
43.931438
43.931438
43.931438
43.931438
43.931438
43.931438
43.931438
43.931438
43.931438
43.931438
43.931438
43.931438
43.930605
43.929353
43.925588
43.923143
43.922119
43.921388
43.921388
43.921388
43.921388
43.921388
43.921388
43.921388
43.921388
43.921388
43.921388
43.921388
43.921388
43.921388
43.921388
43.921388
43.921388
43.919782
43.917824
43.916545
43.915653
43.915004
43.914817
43.914676
43.911636
43.910385
43.906297
43.906121
43.898398
43.897537
43.897537
43.894172
43.892502
43.892060
43.891099
43.888879
43.888879
43.888527
43.887970
43.887880
43.887164
43.881378
43.881022
43.880145
43.880145
43.880145
43.879145
43.878667
43.874823
43.873919
43.872219
43.872116
43.871425
43.870218
43.867611
43.867522
43.866900
43.866900
43.866900
43.865417
43.864230
43.862445
43.862445
43.862445
43.861552
43.861502
43.860131
43.859763
43.858032
43.856915
43.856581
43.856394
43.854661
43.854432
43.851876
43.850770
43.849170
43.848781
43.847561
43.847421
43.845749
43.844695
43.844427
43.844427
43.844427
43.844427
43.844427
43.844427
43.844427
43.844427
43.844427
43.844427
43.844427
43.844427
43.844427
43.844427
43.844427
43.844427
43.844427
43.844427
43.844427
43.844427
43.844427
43.844427
43.844427
43.844427
43.844427
43.844427
43.844427
43.844427
43.844427
43.844427
43.844427
43.844427
43.844427
43.844427
43.844427
43.844427
43.844427
43.844427
43.844427
43.844427
43.844427
43.844427
43.844427
43.844427
43.844427
43.844427
43.844427
43.844427
43.844427
43.844427
43.844427
43.844427
43.843972
43.842902
43.842207
43.841696
43.841296
43.840603
43.837637
43.837329
43.835294
43.835102
43.834175
43.832672
43.832538
43.830689
43.830385
43.827666
43.826255
43.826078
43.825942
43.825505
43.825279
43.825118
43.824899
43.823977
43.820961
43.820507
43.819681
43.819365
43.816775
43.816775
43.816182
43.810408
43.809061
43.807449
43.807386
43.798256
43.797907
43.797907
43.797907
43.797907
43.797327
43.794413
43.794100
43.794098
43.793336
43.792474
43.792105
43.791937
43.788920
43.787357
43.787174
43.785718
43.784157
43.783769
43.782597
43.781982
43.780254
43.778969
43.778676
43.776732
43.776352
43.775564
43.774874
43.773016
43.772502
43.772261
43.769024
43.768919
43.768874
43.768512
43.767314
43.766364
43.765873
43.764990
43.764104
43.763584
43.763020
43.761045
43.759990
43.759698
43.759067
43.759067
43.759067
43.759067
43.759067
43.758512
43.758438
43.758250
43.758077
43.758077
43.758077
43.756379
43.756025
43.755414
43.755061
43.754463
43.754463
43.754340
43.754248
43.754145
43.754104
43.754104
43.753419
43.753377
43.753242
43.753074
43.753054
43.752946
43.752811
43.752375
43.751862
43.751861
43.751698
43.751654
43.750854
43.750586
43.750550
43.750544
43.750337
43.750273
43.750272
43.750266
43.750164
43.750161
43.750054
43.749917
43.749875
43.749617
43.749412
43.749400
43.749365
43.749263
43.749172
43.749117
43.749117
43.749117
43.749117
43.749117
43.749117
43.749117
43.749117
43.749117
43.749117
43.749117
43.749117
43.749117
43.749117
43.749117
43.749117
43.749117
43.749117
43.749117
43.749117
43.749117
43.749117
43.749117
43.749117
43.749117
43.749117
43.749117
43.749117
43.749117
43.749117
43.749117
43.749117
43.749117
43.749117
43.749117
43.749117
43.749117
43.749117
43.749117
43.749117
43.749117
43.749117
43.749117
43.749117
43.749117
43.749117
43.749117
43.749117
43.749117
43.749117
43.749117
43.749117
43.749117
43.749117
43.749117
43.749117
43.749117
43.749117
43.749117
43.749117
43.749117
43.749117
43.749117
43.749117
43.749117
43.749117
43.749117
43.749117
43.749117
43.749117
43.749117
43.749117
43.749117
43.749117
43.749117
43.749117
43.749117
43.749117
43.749117
43.749117
43.749117
43.749117
43.749117
43.749117
43.749117
43.749117
43.749117
43.749117
43.749117
43.749117
43.749117
43.749117
43.749117
43.749117
43.749117
43.749117
43.749117
43.749117
43.749117
43.749117
43.749117
43.749117
43.749117
43.749117
43.749117
43.749117
43.749117
43.749117
43.749117
43.749117
43.749117
43.749117
43.749117
43.749117
43.749117
43.749117
43.749117
43.749117
43.749117
43.749117
43.749117
43.749117
43.749117
43.749117
43.749117
43.749117
43.749117
43.749117
43.749117
43.749117
43.749117
43.749117
43.749117
43.749117
43.749117
43.749117
43.749117
43.749117
43.749117
43.749117
43.749117
43.749117
43.749117
43.749117
43.749117
43.749117
43.749117
43.749117
43.749117
43.749117
43.749117
43.749117
43.749117
43.749117
43.749117
43.749117
43.749117
43.749117
43.749117
43.749117
43.749117
43.749117
43.749117
43.749117
43.749117
43.749117
43.749117
43.749117
43.749117
43.749117
43.749117
43.749117
43.749117
43.749117
43.749117
43.749117
43.749117
43.749117
43.749117
43.749117
43.749117
43.749117
43.749117
43.749117
43.749117
43.749117
43.749117
43.749117
43.749117
43.749117
43.749117
43.749117
43.749117
43.749117
43.749117
43.749117
43.749117
43.749117
43.749117
43.749117
43.749117
43.749117
43.749117
43.749117
43.749117
43.749117
43.749117
43.749117
43.749117
43.749117
43.749117
43.749117
43.749117
43.749117
43.749117
43.749117
43.749117
43.749117
43.749117
43.749117
43.749117
43.749117
43.749117
43.749117
43.749117
43.749117
43.749117
43.749117
43.749117
43.749117
43.749117
43.749117
43.749117
43.749117
43.749117
43.749117
43.749117
43.749117
43.749117
43.749117
43.749117
43.749117
43.749117
43.749117
43.749117
43.749117
43.749117
43.749117
43.749117
43.749117
43.749117
43.749117
43.749117
43.749117
43.749117
43.749117
43.749117
43.749117
43.749117
43.749117
43.749117
43.749117
43.749117
43.749117
43.749117
43.749117
43.749117
43.749117
43.749117
43.749117
43.749117
43.749117
43.749117
43.749117
43.749117
43.749117
43.749117
43.749117
43.749117
43.749117
43.749117
43.749117
43.749117
43.749117
43.749117
43.749117
43.749117
43.749117
43.749117
43.749117
43.749117
43.749117
43.749117
43.749117
43.749117
43.749117
43.749117
43.749117
43.749117
43.749017
43.748970
43.748917
43.748648
43.748617
43.748617
43.748617
43.748617
43.748617
43.748617
43.748617
43.748617
43.748617
43.748617
43.748617
43.748617
43.748617
43.748617
43.748617
43.748116
43.748116
43.748116
43.748116
43.748116
43.748116
43.748116
43.748116
43.748116
43.748116
43.748116
43.748053
43.747115
43.747045
43.746112
43.746112
43.746112
43.746112
43.745109
43.745006
43.744047
43.742092
43.742040
43.740187
43.739066
43.739066
43.739066
43.739066
43.739066
43.739066
43.739066
43.739066
43.739066
43.739066
43.739066
43.739066
43.739066
43.739066
43.739066
43.736201
43.736032
43.733901
43.733666
43.732169
43.731277
43.728914
43.728914
43.728914
43.728914
43.728914
43.728914
43.728914
43.728914
43.728914
43.728914
43.728914
43.728914
43.728914
43.728914
43.728914
43.728914
43.728914
43.728914
43.728914
43.728914
43.728914
43.728914
43.728914
43.728914
43.728914
43.728914
43.728914
43.725643
43.719688
43.717115
43.714526
43.710485
43.710459
43.709272
43.708295
43.708295
43.707611
43.706022
43.705228
43.704412
43.703311
43.702567
43.702025
43.700976
43.697823
43.697823
43.697823
43.697823
43.697823
43.697823
43.697823
43.697823
43.697823
43.697823
43.693684
43.693202
43.691836
43.691276
43.691153
43.690663
43.690643
43.687241
43.687241
43.686970
43.686715
43.685708
43.684829
43.684717
43.683102
43.682778
43.682022
43.679767
43.676546
43.676546
43.675449
43.675008
43.672144
43.670597
43.670269
43.669770
43.669749
43.665735
43.665735
43.661419
43.661229
43.661083
43.660506
43.659424
43.656525
43.654806
43.654692
43.652893
43.652079
43.650549
43.649721
43.649512
43.649447
43.647817
43.647204
43.646649
43.646336
43.644423
43.643775
43.643756
43.643756
43.643756
43.643756
43.643756
43.643756
43.643756
43.643756
43.643756
43.643756
43.643756
43.643756
43.643756
43.643756
43.643756
43.643756
43.643756
43.643756
43.643756
43.643756
43.643756
43.643756
43.643756
43.643756
43.643756
43.643756
43.643756
43.643756
43.643756
43.643756
43.643756
43.643756
43.643756
43.643756
43.643756
43.643756
43.643756
43.643756
43.643756
43.643756
43.643756
43.643756
43.643756
43.643756
43.643756
43.643756
43.643756
43.643756
43.643613
43.643201
43.642714
43.642645
43.640011
43.639886
43.638635
43.638436
43.638410
43.638405
43.637626
43.637247
43.634415
43.634238
43.633706
43.633646
43.632583
43.631978
43.630904
43.630372
43.629408
43.628710
43.627675
43.626949
43.625181
43.623417
43.622484
43.622306
43.622278
43.621283
43.618115
43.617551
43.617212
43.615585
43.615585
43.615585
43.615540
43.615460
43.614442
43.611031
43.611031
43.610659
43.610240
43.609855
43.609684
43.609449
43.606875
43.606688
43.606400
43.606400
43.606400
43.606308
43.606038
43.604949
43.603043
43.602950
43.601003
43.600602
43.599734
43.594592
43.593484
43.591230
43.591164
43.591131
43.591057
43.587537
43.586598
43.586598
43.586598
43.583326
43.583003
43.579218
43.578898
43.574763
43.574483
43.574483
43.573095
43.571783
43.568831
43.568793
43.568302
43.565795
43.562787
43.562787
43.562198
43.562198
43.559206
43.551953
43.550666
43.549077
43.547093
43.545213
43.544856
43.544145
43.542480
43.541721
43.538396
43.538396
43.534126
43.530588
43.527378
43.527222
43.525984
43.525973
43.525973
43.525973
43.525973
43.525973
43.525973
43.525973
43.525973
43.525973
43.525973
43.525973
43.525973
43.525973
43.525973
43.525973
43.525973
43.525973
43.525973
43.525973
43.525973
43.525973
43.525973
43.525973
43.525973
43.525973
43.525973
43.525973
43.525973
43.525973
43.525973
43.525598
43.525558
43.524722
43.524597
43.523810
43.523458
43.523219
43.517591
43.515923
43.515923
43.515923
43.515923
43.515923
43.515923
43.515923
43.513485
43.513394
43.511718
43.511718
43.511718
43.511718
43.510860
43.510255
43.510123
43.508757
43.508757
43.508064
43.508064
43.508064
43.505771
43.505771
43.505771
43.505771
43.505771
43.505771
43.505771
43.505771
43.505771
43.505771
43.505771
43.505771
43.505771
43.501809
43.501687
43.500655
43.500655
43.500655
43.499251
43.496802
43.496802
43.496457
43.496312
43.491160
43.490701
43.489870
43.487752
43.487752
43.487752
43.487752
43.487752
43.486736
43.486452
43.486233
43.485973
43.485120
43.484046
43.484046
43.483734
43.479582
43.477500
43.477106
43.474155
43.472762
43.471485
43.471181
43.470708
43.469012
43.468079
43.465939
43.465189
43.463285
43.461830
43.461435
43.461435
43.461435
43.461435
43.461435
43.461435
43.461435
43.461435
43.461435
43.461435
43.461435
43.461435
43.461435
43.460586
43.460197
43.458802
43.458475
43.456757
43.454477
43.451384
43.450711
43.448574
43.448012
43.448012
43.446369
43.442592
43.441261
43.438695
43.438695
43.437477
43.435775
43.434108
43.433669
43.433570
43.432224
43.427698
43.425725
43.424583
43.424021
43.422087
43.422001
43.420613
43.420613
43.420613
43.420613
43.420613
43.420613
43.417515
43.416178
43.415384
43.414516
43.411858
43.410530
43.410360
43.408825
43.408454
43.407411
43.406626
43.406626
43.405217
43.402856
43.402161
43.401484
43.401421
43.397314
43.394272
43.392585
43.392442
43.392442
43.392442
43.392442
43.392442
43.392442
43.392442
43.392442
43.392442
43.392442
43.392442
43.392442
43.392442
43.392442
43.392442
43.392442
43.392442
43.392442
43.392442
43.392442
43.392442
43.392442
43.392442
43.392442
43.392442
43.392442
43.392442
43.392442
43.392442
43.392442
43.392442
43.392442
43.392442
43.392442
43.392442
43.392442
43.392442
43.392442
43.392343
43.392105
43.392042
43.391012
43.390297
43.388564
43.387085
43.386998
43.386812
43.384774
43.383833
43.383404
43.382768
43.382391
43.380947
43.378737
43.378481
43.378053
43.378053
43.376603
43.375973
43.374423
43.372052
43.370813
43.370780
43.370007
43.368358
43.366391
43.365202
43.363919
43.362963
43.360674
43.360509
43.359329
43.357963
43.356074
43.355724
43.352469
43.352187
43.348639
43.347928
43.345781
43.343670
43.342873
43.342651
43.341880
43.341149
43.337494
43.337382
43.336351
43.335115
43.335115
43.333601
43.333601
43.333110
43.332204
43.330566
43.330506
43.327960
43.326134
43.325568
43.325567
43.324963
43.322872
43.322091
43.322083
43.321383
43.318334
43.317718
43.316179
43.315848
43.315252
43.312051
43.310612
43.308489
43.308394
43.302830
43.302830
43.302830
43.299123
43.298863
43.297570
43.294183
43.293821
43.292879
43.292813
43.290551
43.288691
43.287081
43.287081
43.287081
43.287081
43.287081
43.287081
43.286249
43.283572
43.283515
43.281813
43.280955
43.280205
43.279113
43.279113
43.279113
43.279113
43.279113
43.279113
43.279113
43.279113
43.279113
43.279113
43.279033
43.277393
43.277177
43.276413
43.275706
43.275130
43.272907
43.272463
43.272364
43.271935
43.271674
43.271331
43.271081
43.271081
43.271081
43.271081
43.270130
43.269711
43.269619
43.267927
43.267823
43.267596
43.267473
43.267030
43.266190
43.264361
43.263713
43.262935
43.261051
43.260908
43.258678
43.258094
43.257623
43.256431
43.255701
43.254820
43.254820
43.253447
43.253131
43.252382
43.249389
43.249257
43.248999
43.248880
43.247086
43.245024
43.244936
43.243413
43.243129
43.240625
43.240579
43.239128
43.239057
43.238291
43.238291
43.238291
43.238291
43.238291
43.238291
43.238291
43.238291
43.238291
43.238291
43.238291
43.238291
43.238291
43.238291
43.238291
43.238291
43.238291
43.238291
43.238291
43.238291
43.238291
43.238291
43.238291
43.238291
43.238291
43.238291
43.238291
43.238291
43.238291
43.238291
43.238291
43.238291
43.238291
43.238291
43.238291
43.238291
43.238291
43.238291
43.238291
43.238291
43.238291
43.238291
43.238291
43.237457
43.237179
43.236623
43.236623
43.236190
43.235308
43.234952
43.234952
43.234599
43.234483
43.234283
43.234037
43.229923
43.229083
43.228343
43.228241
43.228241
43.228241
43.228241
43.228241
43.228241
43.228241
43.228241
43.228241
43.228241
43.228241
43.227945
43.226758
43.226556
43.226552
43.226243
43.223988
43.221484
43.221484
43.221484
43.220484
43.218088
43.218088
43.218066
43.215937
43.215625
43.215194
43.215033
43.214681
43.213801
43.213797
43.211262
43.209450
43.207832
43.206112
43.205379
43.205029
43.204720
43.204390
43.204390
43.201829
43.201069
43.200972
43.200708
43.199204
43.197469
43.197327
43.195500
43.194435
43.193019
43.192344
43.192132
43.186998
43.186998
43.186998
43.186998
43.186998
43.186998
43.186998
43.186998
43.186998
43.186998
43.186822
43.186110
43.185242
43.185242
43.183659
43.183622
43.182669
43.182505
43.181175
43.181150
43.178187
43.178187
43.176416
43.176015
43.173433
43.172651
43.172143
43.171777
43.171700
43.171082
43.170855
43.170010
43.169298
43.169298
43.167511
43.165720
43.165720
43.165389
43.164950
43.164112
43.161719
43.161486
43.161330
43.159232
43.158387
43.158065
43.157754
43.155775
43.154154
43.151478
43.151462
43.151280
43.151280
43.151280
43.151280
43.151280
43.151280
43.151280
43.151280
43.149536
43.147637
43.147591
43.147179
43.144438
43.144438
43.143460
43.140800
43.139454
43.138735
43.137900
43.137633
43.136054
43.135171
43.133518
43.132944
43.132931
43.132931
43.132931
43.132931
43.132931
43.132931
43.132931
43.132931
43.132931
43.132931
43.132889
43.132868
43.128556
43.127815
43.126422
43.125346
43.124837
43.124274
43.123530
43.122825
43.122705
43.121757
43.119512
43.119074
43.118436
43.116727
43.116124
43.115784
43.114238
43.114238
43.114238
43.114238
43.114078
43.111683
43.110853
43.110514
43.109972
43.108648
43.108388
43.108368
43.107590
43.106939
43.106939
43.106663
43.106662
43.106628
43.106162
43.105995
43.104760
43.104760
43.101806
43.101462
43.100055
43.099017
43.098096
43.096729
43.095190
43.095190
43.095190
43.095093
43.095080
43.094773
43.094644
43.094506
43.094182
43.093059
43.092888
43.092578
43.091799
43.091337
43.091269
43.090190
43.090022
43.089946
43.089440
43.087410
43.087301
43.085528
43.084674
43.084544
43.082925
43.082410
43.081637
43.081286
43.081225
43.080373
43.079325
43.079290
43.079137
43.078828
43.078783
43.078467
43.078270
43.077863
43.077798
43.077769
43.077731
43.077676
43.077459
43.077424
43.077164
43.077116
43.077057
43.077020
43.076976
43.076974
43.076946
43.076941
43.076935
43.076935
43.076895
43.076895
43.076854
43.076854
43.076772
43.076691
43.076691
43.076691
43.076691
43.076691
43.076691
43.076691
43.076691
43.076691
43.076691
43.076691
43.076691
43.076426
43.076172
43.076080
43.076049
43.075772
43.075772
43.075772
43.075772
43.075772
43.075772
43.073810
43.073355
43.072978
43.072934
43.071537
43.071363
43.071302
43.068541
43.067975
43.067898
43.067898
43.066499
43.066118
43.066028
43.065784
43.065637
43.065446
43.065414
43.064869
43.064262
43.064238
43.064111
43.063938
43.063904
43.063056
43.062809
43.062174
43.061554
43.061474
43.061430
43.061335
43.061307
43.060540
43.060114
43.060016
43.059962
43.059962
43.059935
43.059833
43.059357
43.059351
43.059327
43.058915
43.058895
43.058875
43.058735
43.058626
43.058610
43.058609
43.058567
43.058547
43.058500
43.058347
43.058296
43.058226
43.058155
43.058119
43.058116
43.058079
43.058061
43.057986
43.057908
43.057822
43.057741
43.057739
43.057732
43.057698
43.057697
43.057639
43.057627
43.057591
43.057580
43.057571
43.057563
43.057543
43.057433
43.057429
43.057425
43.057255
43.057232
43.057229
43.057223
43.057149
43.057056
43.057008
43.056971
43.056948
43.056923
43.056890
43.056857
43.056851
43.056846
43.056724
43.056724
43.056724
43.056713
43.056701
43.056701
43.056701
43.056701
43.056701
43.056701
43.056668
43.056651
43.056645
43.056599
43.056599
43.056544
43.056511
43.056507
43.056482
43.056469
43.056431
43.056422
43.056389
43.056389
43.056389
43.056365
43.056327
43.056287
43.056281
43.056268
43.056262
43.056180
43.056180
43.056180
43.056142
43.056141
43.056092
43.056086
43.056054
43.056047
43.056004
43.055970
43.055970
43.055970
43.055970
43.055970
43.055970
43.055970
43.055970
43.055970
43.055970
43.055970
43.055970
43.055970
43.055970
43.055970
43.055970
43.055970
43.055970
43.055970
43.055970
43.055970
43.055970
43.055970
43.055970
43.055970
43.055970
43.055970
43.055970
43.055970
43.055970
43.055970
43.055970
43.055970
43.055970
43.055970
43.055970
43.055970
43.055970
43.055970
43.055970
43.055970
43.055970
43.055970
43.055970
43.055970
43.055970
43.055970
43.055970
43.055970
43.055970
43.055970
43.055970
43.055970
43.055970
43.055970
43.055970
43.055970
43.055970
43.055970
43.055970
43.055970
43.055970
43.055970
43.055970
43.055970
43.055970
43.055970
43.055970
43.055970
43.055970
43.055970
43.055970
43.055970
43.055970
43.055970
43.055970
43.055970
43.055970
43.055970
43.055970
43.055970
43.055970
43.055970
43.055970
43.055970
43.055970
43.055970
43.055970
43.055970
43.055970
43.055970
43.055970
43.055970
43.055970
43.055970
43.055970
43.055970
43.055970
43.055970
43.055970
43.055970
43.055970
43.055970
43.055970
43.055970
43.055970
43.055970
43.055970
43.055970
43.055970
43.055970
43.055970
43.055970
43.055970
43.055970
43.055970
43.055970
43.055970
43.055970
43.055970
43.055970
43.055970
43.055970
43.055970
43.055970
43.055970
43.055970
43.055970
43.055970
43.055970
43.055970
43.055970
43.055970
43.055970
43.055970
43.055970
43.055970
43.055970
43.055970
43.055970
43.055970
43.055970
43.055970
43.055970
43.055970
43.055970
43.055970
43.055970
43.055970
43.055970
43.055970
43.055970
43.055970
43.055970
43.055970
43.055970
43.055970
43.055970
43.055970
43.055970
43.055970
43.055970
43.055970
43.055970
43.055970
43.055970
43.055970
43.055970
43.055970
43.055970
43.055970
43.055970
43.055970
43.055970
43.055970
43.055970
43.055970
43.055970
43.055970
43.055970
43.055970
43.055970
43.055970
43.055970
43.055970
43.055970
43.055970
43.055970
43.055970
43.055970
43.055970
43.055970
43.055970
43.055970
43.055970
43.055970
43.055970
43.055970
43.055970
43.055970
43.055970
43.055970
43.055970
43.055970
43.055970
43.055970
43.055970
43.055970
43.055970
43.055970
43.055970
43.055970
43.055970
43.055970
43.055970
43.055970
43.055970
43.055970
43.055970
43.055970
43.055970
43.055970
43.055970
43.055970
43.055970
43.055970
43.055970
43.055970
43.055970
43.055970
43.055970
43.055970
43.055970
43.055970
43.055970
43.055970
43.055970
43.055970
43.055970
43.055970
43.055970
43.055970
43.055970
43.055919
43.055890
43.055865
43.055831
43.055660
43.055476
43.054969
43.054969
43.054969
43.054969
43.054945
43.054257
43.053968
43.053968
43.053968
43.053968
43.053968
43.053968
43.053968
43.053968
43.053968
43.053968
43.053968
43.053968
43.053968
43.053968
43.053968
43.053968
43.053699
43.053460
43.053023
43.052278
43.052275
43.052233
43.052105
43.052036
43.051962
43.051962
43.051962
43.051753
43.051665
43.050395
43.050227
43.050159
43.050110
43.049986
43.049985
43.049952
43.049952
43.049952
43.049952
43.049952
43.049778
43.049742
43.049565
43.049459
43.049380
43.049239
43.049190
43.049055
43.048858
43.048832
43.048666
43.048605
43.048600
43.048573
43.048490
43.048435
43.048395
43.048394
43.048298
43.048267
43.048181
43.048089
43.048059
43.048059
43.048025
43.047956
43.047937
43.047937
43.047937
43.047935
43.047917
43.047862
43.047848
43.047831
43.047827
43.047757
43.047715
43.047665
43.047601
43.047598
43.047498
43.047439
43.047438
43.047424
43.047409
43.047388
43.047388
43.047304
43.047285
43.047262
43.047249
43.047222
43.047185
43.047178
43.047178
43.047178
43.047169
43.047137
43.047095
43.047060
43.047053
43.047052
43.047011
43.047002
43.046976
43.046950
43.046939
43.046927
43.046927
43.046843
43.046813
43.046804
43.046804
43.046799
43.046792
43.046778
43.046764
43.046764
43.046763
43.046759
43.046759
43.046759
43.046759
43.046759
43.046759
43.046752
43.046708
43.046676
43.046675
43.046650
43.046623
43.046591
43.046557
43.046553
43.046549
43.046549
43.046549
43.046549
43.046549
43.046549
43.046549
43.046549
43.046549
43.046547
43.046519
43.046491
43.046488
43.046487
43.046465
43.046465
43.046465
43.046423
43.046423
43.046423
43.046423
43.046423
43.046405
43.046401
43.046372
43.046362
43.046348
43.046347
43.046342
43.046339
43.046339
43.046339
43.046339
43.046339
43.046339
43.046339
43.046339
43.046339
43.046339
43.046339
43.046339
43.046339
43.046339
43.046324
43.046323
43.046307
43.046297
43.046297
43.046297
43.046264
43.046263
43.046255
43.046255
43.046255
43.046255
43.046255
43.046238
43.046213
43.046213
43.046213
43.046213
43.046213
43.046192
43.046190
43.046180
43.046178
43.046175
43.046171
43.046171
43.046171
43.046171
43.046171
43.046171
43.046171
43.046171
43.046171
43.046171
43.046163
43.046148
43.046140
43.046133
43.046129
43.046129
43.046129
43.046129
43.046129
43.046129
43.046129
43.046129
43.046129
43.046129
43.046129
43.046129
43.046129
43.046129
43.046129
43.046129
43.046129
43.046129
43.046129
43.046129
43.046129
43.046129
43.046129
43.046129
43.046129
43.046125
43.046120
43.046095
43.046091
43.046091
43.046091
43.046091
43.046087
43.046087
43.046087
43.046087
43.046087
43.046087
43.046087
43.046087
43.046087
43.046087
43.046087
43.046087
43.046045
43.046045
43.046045
43.046045
43.046003
43.046003
43.046003
43.046003
43.046003
43.046003
43.046003
43.046003
43.046003
43.046003
43.046003
43.046003
43.046003
43.046003
43.046003
43.046003
43.046003
43.046003
43.046003
43.046003
43.046003
43.046003
43.046003
43.046003
43.046003
43.046003
43.046003
43.046003
43.045919
43.045919
43.045919
43.045919
43.045919
43.045919
43.045919
43.045919
43.045919
43.045919
43.045919
43.045919
43.045919
43.045919
43.045919
43.045919
43.045919
43.045919
43.045919
43.045919
43.045919
43.045919
43.045919
43.045919
43.045919
43.045919
43.045919
43.045919
43.045919
43.045919
43.045919
43.045919
43.045919
43.045919
43.045919
43.045919
43.045919
43.045919
43.045919
43.045919
43.045919
43.045919
43.045919
43.045919
43.045919
43.045919
43.045919
43.045919
43.045919
43.045919
43.045919
43.045919
43.045919
43.045919
43.045919
43.045919
43.045919
43.045919
43.045919
43.045919
43.045919
43.045919
43.045919
43.045919
43.045919
43.045919
43.045919
43.045919
43.045919
43.045919
43.045919
43.045919
43.045919
43.045919
43.045919
43.045919
43.045919
43.045919
43.045919
43.045919
43.045919
43.045919
43.045919
43.045919
43.045919
43.045919
43.045919
43.045919
43.045919
43.045919
43.045919
43.045919
43.045919
43.045919
43.045919
43.045919
43.044449
43.044209
43.044060
43.042415
43.040723
43.040556
43.039010
43.037806
43.037712
43.036925
43.036615
43.035767
43.035767
43.035767
43.035767
43.035767
43.035767
43.035767
43.035767
43.035767
43.035767
43.035767
43.035767
43.035372
43.034284
43.033724
43.033057
43.032600
43.031350
43.030620
43.028022
43.027570
43.026996
43.023702
43.022392
43.021429
43.020004
43.017229
43.015148
43.015148
43.015148
43.015148
43.015148
43.015148
43.015148
43.015148
43.015148
43.015148
43.015148
43.015148
43.015118
43.015118
43.015068
43.014935
43.014323
43.013089
43.012926
43.011590
43.011320
43.008057
43.007985
43.005728
43.004896
43.004577
43.004311
43.003271
43.001725
43.000575
42.999659
42.996450
42.995655
42.995163
42.995002
42.994607
42.994568
42.994417
42.994094
42.994094
42.994094
42.994094
42.994094
42.994094
42.994073
42.993765
42.993526
42.992834
42.991875
42.991380
42.989336
42.989224
42.987706
42.987691
42.986728
42.986691
42.985589
42.984712
42.983575
42.983399
42.982921
42.982765
42.982708
42.982238
42.982133
42.981782
42.981509
42.981127
42.980149
42.979718
42.977973
42.977747
42.976926
42.976926
42.976563
42.975493
42.973891
42.973718
42.973406
42.972588
42.972588
42.972588
42.972588
42.972588
42.972588
42.972588
42.972588
42.972588
42.972588
42.972588
42.972588
42.972545
42.972211
42.970896
42.970626
42.970556
42.969890
42.969540
42.968231
42.966307
42.964637
42.962206
42.961659
42.961659
42.961659
42.960636
42.960198
42.959434
42.958908
42.958791
42.958687
42.958269
42.957272
42.957272
42.957272
42.957272
42.957272
42.957272
42.957272
42.957272
42.956955
42.956584
42.955868
42.955424
42.955123
42.955070
42.955044
42.955044
42.954283
42.954283
42.954078
42.953937
42.952829
42.952829
42.952829
42.951001
42.950609
42.950609
42.950609
42.950609
42.950609
42.950609
42.950609
42.950609
42.950609
42.950609
42.950609
42.950609
42.950609
42.950609
42.950609
42.949469
42.948151
42.946486
42.946155
42.945534
42.945526
42.945373
42.944783
42.943431
42.941366
42.941269
42.941070
42.939633
42.938870
42.936397
42.936397
42.936282
42.934491
42.934448
42.933136
42.932979
42.932943
42.932671
42.930213
42.930015
42.928136
42.928136
42.928136
42.928136
42.927102
42.926230
42.925861
42.922438
42.922438
42.922438
42.922438
42.920099
42.919004
42.918792
42.917884
42.917884
42.917884
42.917884
42.917864
42.917382
42.917121
42.916803
42.916708
42.916284
42.915454
42.914633
42.914611
42.913386
42.912388
42.912388
42.911907
42.909835
42.907352
42.906645
42.906309
42.905147
42.905147
42.904711
42.904315
42.903427
42.902133
42.898978
42.898887
42.897272
42.895728
42.895169
42.894430
42.893791
42.893625
42.893475
42.893451
42.893451
42.893451
42.892937
42.892501
42.892235
42.892204
42.891941
42.890835
42.890723
42.890271
42.889826
42.889147
42.888992
42.888349
42.888096
42.887606
42.887349
42.887349
42.886318
42.885946
42.885923
42.885667
42.885344
42.885238
42.884481
42.882717
42.882220
42.881616
42.881616
42.881616
42.881616
42.881616
42.881616
42.881611
42.881602
42.881238
42.880376
42.879309
42.879232
42.877185
42.876943
42.876843
42.876843
42.876732
42.876335
42.875804
42.875080
42.872391
42.872047
42.872026
42.870566
42.868378
42.868066
42.867233
42.864519
42.864450
42.863489
42.861375
42.859339
42.859338
42.859225
42.858884
42.858365
42.858331
42.857519
42.857519
42.857519
42.857519
42.857519
42.857519
42.857119
42.855471
42.853447
42.853271
42.853054
42.852138
42.852097
42.849846
42.849015
42.848172
42.848141
42.847516
42.847468
42.846781
42.845249
42.845249
42.845171
42.845002
42.844854
42.844539
42.844205
42.843110
42.841314
42.841066
42.840559
42.840298
42.840104
42.839332
42.839089
42.839016
42.838560
42.838382
42.838169
42.837919
42.837814
42.837804
42.837664
42.835323
42.835323
42.834857
42.834233
42.833346
42.833148
42.832826
42.832826
42.832826
42.832826
42.832826
42.832826
42.832826
42.832826
42.832826
42.832826
42.832826
42.832826
42.832826
42.832826
42.832826
42.832826
42.832826
42.832826
42.832826
42.832826
42.832826
42.832826
42.832826
42.832826
42.832826
42.832826
42.832826
42.832826
42.832826
42.832826
42.832826
42.832826
42.832826
42.832826
42.832826
42.832826
42.832826
42.832826
42.832826
42.832826
42.832826
42.832826
42.832826
42.832826
42.832826
42.832826
42.832826
42.832826
42.832826
42.832826
42.832826
42.832826
42.832826
42.832826
42.832826
42.832826
42.832826
42.832826
42.832826
42.832826
42.832826
42.832826
42.832826
42.832826
42.832826
42.832826
42.832826
42.832826
42.832826
42.832826
42.832826
42.832826
42.832826
42.832826
42.832826
42.832826
42.832826
42.832826
42.832826
42.832826
42.832826
42.832826
42.832826
42.832826
42.832826
42.832826
42.832826
42.831826
42.831151
42.831125
42.830323
42.830323
42.830323
42.830323
42.830323
42.830323
42.829510
42.828163
42.827686
42.826645
42.825298
42.825273
42.825235
42.824390
42.823469
42.822885
42.822776
42.822776
42.822776
42.822776
42.822670
42.821355
42.820945
42.820549
42.820500
42.820247
42.820247
42.817851
42.816700
42.816443
42.814369
42.813645
42.813645
42.813369
42.813120
42.812623
42.812623
42.812623
42.812623
42.812623
42.812623
42.812623
42.812623
42.812623
42.812623
42.812623
42.812623
42.812623
42.812623
42.812623
42.812623
42.812623
42.812623
42.812623
42.812623
42.812623
42.812623
42.812623
42.812623
42.812235
42.812134
42.810017
42.809770
42.808841
42.808624
42.808235
42.807611
42.807508
42.807508
42.807508
42.807508
42.807508
42.807508
42.807508
42.807508
42.806739
42.806196
42.805810
42.805211
42.804941
42.803019
42.802965
42.802367
42.801851
42.801567
42.801326
42.801107
42.800322
42.798646
42.797440
42.796190
42.795978
42.793839
42.793754
42.793429
42.792351
42.792004
42.790698
42.788431
42.786372
42.784891
42.784775
42.784738
42.783701
42.781784
42.781533
42.781533
42.781533
42.781533
42.781533
42.781533
42.781533
42.780882
42.776836
42.775860
42.775634
42.775634
42.775634
42.775634
42.775634
42.775634
42.775634
42.775304
42.774341
42.774071
42.773369
42.772805
42.772304
42.772148
42.772022
42.771543
42.770290
42.768847
42.768288
42.768288
42.768288
42.768288
42.768288
42.768288
42.766294
42.765260
42.764231
42.763953
42.763890
42.763738
42.763532
42.762613
42.762040
42.761330
42.758882
42.758237
42.758237
42.758237
42.758237
42.758237
42.758237
42.758237
42.758237
42.758237
42.758237
42.758237
42.758237
42.758237
42.758237
42.758184
42.757293
42.755783
42.754864
42.754864
42.754864
42.754864
42.754864
42.753022
42.752850
42.752555
42.750588
42.750360
42.750147
42.749444
42.749444
42.748093
42.748085
42.745906
42.745319
42.744928
42.744667
42.744591
42.744591
42.744591
42.744591
42.744591
42.744591
42.743194
42.741831
42.741259
42.736091
42.735373
42.734386
42.733392
42.732959
42.731732
42.729242
42.728104
42.727466
42.727466
42.727466
42.727466
42.727466
42.727466
42.727466
42.727466
42.727466
42.727466
42.727466
42.727466
42.727466
42.727466
42.727466
42.727466
42.727466
42.727466
42.727466
42.727466
42.727208
42.726801
42.726286
42.724287
42.724168
42.723079
42.721733
42.721292
42.720734
42.720402
42.719389
42.718478
42.717213
42.713479
42.711278
42.711126
42.710658
42.710651
42.710302
42.709785
42.708936
42.708774
42.708774
42.708720
42.708186
42.708006
42.707294
42.706565
42.705951
42.705379
42.704601
42.701831
42.701787
42.700210
42.699295
42.699295
42.699295
42.699295
42.699295
42.699295
42.699295
42.699295
42.699295
42.699295
42.699295
42.699295
42.699295
42.699295
42.696581
42.696433
42.696317
42.695294
42.693947
42.692744
42.692702
42.691866
42.691429
42.690820
42.690636
42.688677
42.688527
42.687493
42.687077
42.685205
42.685049
42.684718
42.683869
42.681878
42.681276
42.680381
42.679811
42.678150
42.676172
42.675418
42.673761
42.673139
42.672925
42.672420
42.671370
42.671259
42.671169
42.670307
42.670307
42.670307
42.670307
42.670307
42.670307
42.670307
42.670307
42.669401
42.665582
42.664407
42.664029
42.662645
42.662632
42.661640
42.660813
42.658310
42.658201
42.656292
42.655386
42.654932
42.654776
42.653843
42.653772
42.651983
42.651908
42.651139
42.650504
42.649719
42.648360
42.648097
42.647825
42.647219
42.647120
42.646804
42.646572
42.646496
42.646033
42.645431
42.644959
42.644507
42.644169
42.643787
42.643145
42.642435
42.641488
42.640880
42.640454
42.640454
42.640454
42.640454
42.640454
42.640454
42.640454
42.640454
42.640454
42.640454
42.640454
42.640454
42.640454
42.638938
42.638766
42.637265
42.636488
42.636355
42.636355
42.636147
42.636114
42.634375
42.633297
42.632494
42.630202
42.630202
42.630202
42.630202
42.630202
42.630202
42.630202
42.629190
42.627235
42.627228
42.626464
42.625187
42.625187
42.625187
42.625158
42.624840
42.623787
42.622721
42.622683
42.621790
42.621540
42.619142
42.618032
42.617021
42.616830
42.616244
42.616136
42.615684
42.615197
42.615136
42.614900
42.614839
42.613818
42.613418
42.613275
42.613275
42.613275
42.612803
42.612570
42.611629
42.611065
42.610058
42.609682
42.609682
42.609682
42.609682
42.609682
42.609682
42.609682
42.609682
42.609682
42.609682
42.609682
42.609682
42.609682
42.609682
42.609682
42.609653
42.609459
42.609451
42.609057
42.606778
42.606778
42.606149
42.605301
42.605085
42.603610
42.603413
42.603413
42.602876
42.602600
42.602282
42.602116
42.601922
42.600976
42.600478
42.600307
42.599193
42.597104
42.596747
42.596564
42.596097
42.594265
42.594051
42.594021
42.593934
42.593934
42.593228
42.592896
42.592730
42.591997
42.591389
42.591253
42.590754
42.590083
42.589698
42.589643
42.588941
42.588638
42.588044
42.587456
42.587174
42.587013
42.586664
42.586003
42.585966
42.584221
42.583928
42.583849
42.583632
42.583173
42.582962
42.581476
42.581443
42.581304
42.581154
42.581100
42.580882
42.580001
42.579238
42.578796
42.578425
42.578279
42.577934
42.577934
42.577934
42.577934
42.577934
42.577934
42.577934
42.577934
42.577934
42.577934
42.577934
42.577934
42.577934
42.577934
42.576449
42.575916
42.575916
42.575916
42.575916
42.575781
42.575590
42.575566
42.575399
42.574767
42.574651
42.573578
42.573340
42.573123
42.572339
42.571847
42.571614
42.571508
42.570988
42.570630
42.570311
42.569305
42.569178
42.568695
42.568306
42.568209
42.568209
42.568169
42.567642
42.567474
42.565471
42.564947
42.564812
42.564527
42.560429
42.560081
42.559428
42.558456
42.557694
42.556264
42.556079
42.556048
42.555813
42.553017
42.552352
42.552230
42.552017
42.551686
42.551409
42.550019
42.549959
42.549959
42.549940
42.549634
42.549634
42.548889
42.548646
42.548052
42.547894
42.547741
42.547142
42.547022
42.546818
42.546476
42.546269
42.545977
42.545921
42.545894
42.545458
42.545341
42.545300
42.545144
42.545144
42.545144
42.545144
42.545144
42.545144
42.545144
42.545144
42.545144
42.545144
42.545144
42.545144
42.545144
42.545144
42.545144
42.545144
42.545144
42.545144
42.545144
42.545144
42.545144
42.545144
42.545144
42.545144
42.545144
42.545144
42.545144
42.545144
42.545144
42.545144
42.545144
42.545144
42.545144
42.545144
42.545144
42.545144
42.545144
42.545144
42.545144
42.545144
42.545144
42.545144
42.545144
42.545144
42.545144
42.545144
42.545144
42.545144
42.545144
42.545144
42.545144
42.545144
42.545144
42.545144
42.545144
42.545144
42.545144
42.545144
42.545144
42.545144
42.545144
42.545144
42.545144
42.545144
42.545144
42.545144
42.545144
42.545144
42.545144
42.545144
42.545144
42.545144
42.545144
42.545144
42.545144
42.545144
42.545144
42.545144
42.545144
42.545144
42.545144
42.545144
42.545144
42.545144
42.545144
42.545144
42.545144
42.545144
42.545144
42.545144
42.545144
42.545144
42.545144
42.545144
42.545144
42.545144
42.545144
42.545144
42.545144
42.545144
42.545144
42.545144
42.545144
42.545144
42.545144
42.545144
42.545144
42.545144
42.545144
42.545144
42.545144
42.545144
42.545144
42.545144
42.545144
42.545144
42.545144
42.545144
42.545144
42.545144
42.545144
42.545144
42.545144
42.545144
42.545144
42.545144
42.545144
42.545144
42.545144
42.545144
42.545144
42.545144
42.545144
42.545144
42.545144
42.545144
42.545144
42.545144
42.545144
42.545144
42.545144
42.545144
42.545144
42.545144
42.545144
42.545144
42.545144
42.545144
42.545144
42.545144
42.545144
42.545144
42.545144
42.545144
42.545144
42.545144
42.545144
42.545144
42.545144
42.545144
42.545144
42.545144
42.545144
42.545144
42.545144
42.545144
42.545144
42.545144
42.545144
42.545144
42.545144
42.544814
42.544205
42.544011
42.543476
42.542834
42.542799
42.542069
42.542040
42.541874
42.541805
42.541805
42.541805
42.541805
42.541805
42.541678
42.541291
42.540801
42.539457
42.538754
42.538754
42.538715
42.538708
42.538687
42.538687
42.538678
42.538676
42.538669
42.538653
42.538646
42.538646
42.538639
42.538632
42.538625
42.538625
42.538618
42.538609
42.538607
42.538600
42.538455
42.538455
42.537798
42.536695
42.536479
42.535666
42.535641
42.535357
42.535357
42.535357
42.535357
42.535357
42.535357
42.535357
42.535357
42.535357
42.535357
42.535357
42.535357
42.535357
42.535357
42.535357
42.535357
42.535357
42.535357
42.535350
42.535350
42.535350
42.535350
42.535350
42.535350
42.535350
42.535350
42.535350
42.535350
42.535350
42.535350
42.535350
42.535350
42.535350
42.535350
42.535350
42.535350
42.535350
42.535350
42.535350
42.535350
42.535343
42.535343
42.535343
42.535343
42.535343
42.535343
42.535343
42.535343
42.535335
42.535335
42.535328
42.535328
42.535328
42.535321
42.535321
42.535314
42.535310
42.535310
42.535310
42.535310
42.535310
42.535310
42.535310
42.535310
42.535310
42.535310
42.535310
42.535303
42.535303
42.535303
42.535303
42.535303
42.535303
42.535303
42.535303
42.535303
42.535303
42.535303
42.535303
42.535303
42.535303
42.535296
42.535296
42.535296
42.535296
42.535296
42.535296
42.535296
42.535296
42.535296
42.535296
42.535296
42.535296
42.535296
42.535293
42.535289
42.535289
42.535289
42.535289
42.535289
42.535289
42.535289
42.535288
42.535288
42.535288
42.535288
42.535288
42.535288
42.535288
42.535288
42.535288
42.535288
42.535288
42.535288
42.535288
42.535288
42.535288
42.535288
42.535288
42.535282
42.535282
42.535282
42.535281
42.535281
42.535281
42.535281
42.535281
42.535281
42.535281
42.535281
42.535281
42.535281
42.535281
42.535281
42.535281
42.535281
42.535281
42.535281
42.535275
42.535275
42.535275
42.535273
42.535273
42.535273
42.535273
42.535273
42.535267
42.535266
42.535266
42.535266
42.535266
42.535264
42.535260
42.535259
42.535259
42.535259
42.535259
42.535259
42.535256
42.535252
42.535252
42.535252
42.535249
42.535249
42.535245
42.535245
42.535245
42.535241
42.535241
42.535241
42.535241
42.535241
42.535241
42.535241
42.535234
42.535234
42.535234
42.535234
42.535234
42.535234
42.535234
42.535234
42.535234
42.535234
42.535234
42.535231
42.535227
42.535227
42.535227
42.535227
42.535227
42.535227
42.535220
42.535220
42.535220
42.535220
42.535216
42.535215
42.535214
42.535213
42.535213
42.535213
42.535205
42.535198
42.535198
42.535198
42.535198
42.535194
42.535194
42.535191
42.535184
42.535180
42.535180
42.535170
42.535166
42.535166
42.535164
42.535163
42.535158
42.535152
42.535149
42.535136
42.535128
42.535094
42.535094
42.535094
42.535065
42.535053
42.534968
42.534774
42.534340
42.534335
42.534333
42.534213
42.533439
42.532752
42.532332
42.532276
42.531933
42.531933
42.531933
42.531933
42.531933
42.531933
42.531933
42.531933
42.531933
42.531933
42.531933
42.531933
42.531933
42.531926
42.531926
42.531926
42.531926
42.531926
42.531919
42.531919
42.531919
42.531919
42.531912
42.531905
42.531905
42.531898
42.531887
42.531886
42.531886
42.531886
42.531886
42.531886
42.531886
42.531886
42.531886
42.531886
42.531886
42.531886
42.531886
42.531886
42.531886
42.531886
42.531886
42.531886
42.531886
42.531886
42.531886
42.531886
42.531886
42.531886
42.531886
42.531886
42.531886
42.531886
42.531886
42.531886
42.531886
42.531886
42.531886
42.531886
42.531886
42.531886
42.531886
42.531886
42.531886
42.531886
42.531886
42.531886
42.531886
42.531886
42.531886
42.531886
42.531886
42.531886
42.531879
42.531879
42.531879
42.531879
42.531879
42.531879
42.531879
42.531879
42.531879
42.531879
42.531879
42.531879
42.531879
42.531879
42.531879
42.531879
42.531879
42.531879
42.531879
42.531879
42.531879
42.531879
42.531879
42.531879
42.531879
42.531879
42.531879
42.531879
42.531879
42.531879
42.531879
42.531879
42.531879
42.531879
42.531879
42.531879
42.531879
42.531879
42.531879
42.531879
42.531879
42.531879
42.531879
42.531879
42.531879
42.531879
42.531879
42.531879
42.531879
42.531876
42.531872
42.531872
42.531872
42.531872
42.531872
42.531872
42.531872
42.531872
42.531872
42.531872
42.531872
42.531872
42.531872
42.531872
42.531872
42.531872
42.531865
42.531865
42.531865
42.531865
42.531865
42.531865
42.531865
42.531865
42.531865
42.531865
42.531865
42.531865
42.531865
42.531865
42.531864
42.531864
42.531864
42.531864
42.531864
42.531864
42.531864
42.531864
42.531864
42.531864
42.531864
42.531864
42.531864
42.531864
42.531864
42.531862
42.531858
42.531858
42.531858
42.531858
42.531858
42.531858
42.531858
42.531858
42.531858
42.531858
42.531858
42.531858
42.531858
42.531858
42.531857
42.531857
42.531857
42.531857
42.531857
42.531857
42.531851
42.531851
42.531851
42.531850
42.531850
42.531850
42.531850
42.531850
42.531847
42.531844
42.531844
42.531842
42.531842
42.531840
42.531840
42.531836
42.531836
42.531836
42.531835
42.531833
42.531829
42.531829
42.531829
42.531828
42.531817
42.531817
42.531817
42.531817
42.531817
42.531817
42.531817
42.531817
42.531817
42.531817
42.531817
42.531817
42.531817
42.531817
42.531817
42.531817
42.531817
42.531817
42.531817
42.531817
42.531817
42.531817
42.531817
42.531817
42.531817
42.531817
42.531817
42.531817
42.531817
42.531817
42.531817
42.531817
42.531817
42.531817
42.531817
42.531817
42.531817
42.531817
42.531817
42.531817
42.531817
42.531817
42.531817
42.531817
42.531817
42.531817
42.531817
42.531815
42.531814
42.531810
42.531810
42.531810
42.531810
42.531810
42.531810
42.531810
42.531810
42.531810
42.531810
42.531810
42.531810
42.531810
42.531810
42.531810
42.531810
42.531810
42.531810
42.531810
42.531810
42.531810
42.531810
42.531810
42.531810
42.531810
42.531810
42.531810
42.531810
42.531810
42.531810
42.531810
42.531810
42.531810
42.531810
42.531810
42.531810
42.531810
42.531810
42.531810
42.531810
42.531807
42.531807
42.531804
42.531803
42.531803
42.531803
42.531803
42.531803
42.531803
42.531803
42.531803
42.531803
42.531803
42.531803
42.531803
42.531803
42.531803
42.531803
42.531803
42.531803
42.531803
42.531803
42.531803
42.531803
42.531803
42.531803
42.531803
42.531796
42.531796
42.531796
42.531796
42.531796
42.531796
42.531796
42.531796
42.531796
42.531796
42.531796
42.531796
42.531796
42.531796
42.531796
42.531796
42.531796
42.531796
42.531796
42.531796
42.531796
42.531796
42.531796
42.531796
42.531789
42.531789
42.531789
42.531789
42.531789
42.531789
42.531789
42.531789
42.531789
42.531789
42.531789
42.531789
42.531789
42.531785
42.531781
42.531781
42.531781
42.531779
42.531779
42.531774
42.531771
42.531770
42.531767
42.531767
42.531765
42.531760
42.531760
42.531760
42.531756
42.531753
42.531753
42.531750
42.531749
42.531720
42.531710
42.531707
42.531700
42.531697
42.531648
42.531565
42.531552
42.531516
42.531380
42.531275
42.531063
42.531052
42.531033
42.531018
42.530802
42.530603
42.530471
42.530233
42.530148
42.530030
42.529787
42.529481
42.529343
42.529254
42.529237
42.528951
42.528530
42.528450
42.528441
42.528412
42.528355
42.528337
42.528154
42.528093
42.527998
42.527991
42.527279
42.526813
42.526640
42.525184
42.524941
42.524941
42.524841
42.524191
42.524131
42.524047
42.524041
42.524040
42.523944
42.523941
42.523927
42.523919
42.523442
42.522940
42.520708
42.520707
42.520706
42.520618
42.520616
42.520584
42.520574
42.520574
42.520574
42.520546
42.520532
42.520495
42.520491
42.520486
42.520455
42.520455
42.520452
42.520425
42.520416
42.520364
42.520265
42.520195
42.520001
42.519620
42.519612
42.519578
42.518272
42.518159
42.517704
42.517440
42.517272
42.517272
42.517271
42.517270
42.517270
42.517269
42.517268
42.517267
42.517262
42.517209
42.517188
42.517183
42.517182
42.517182
42.517181
42.517181
42.517179
42.517179
42.517159
42.517142
42.517141
42.517140
42.517139
42.517138
42.517137
42.517136
42.517135
42.517135
42.517134
42.517133
42.517133
42.517132
42.517132
42.517131
42.517131
42.517130
42.517129
42.517129
42.517128
42.517128
42.517127
42.517127
42.517126
42.517126
42.517125
42.517125
42.517124
42.517124
42.517123
42.517123
42.517122
42.517121
42.517120
42.517119
42.517118
42.517117
42.517116
42.517115
42.517114
42.517114
42.517113
42.517112
42.517112
42.517052
42.517052
42.517050
42.517050
42.517049
42.517048
42.517047
42.517046
42.517046
42.517045
42.517045
42.517044
42.517044
42.517043
42.517043
42.517042
42.517041
42.517040
42.517040
42.517039
42.517039
42.517038
42.517038
42.517037
42.517036
42.517036
42.517035
42.517035
42.517034
42.517034
42.517032
42.517032
42.517031
42.517031
42.517029
42.517027
42.517025
42.517024
42.517023
42.517022
42.517021
42.517021
42.517020
42.517018
42.516995
42.516994
42.516990
42.516989
42.516989
42.516987
42.516987
42.516986
42.516985
42.516982
42.516981
42.516981
42.516980
42.516979
42.516978
42.516978
42.516977
42.516976
42.516964
42.516946
42.516930
42.516924
42.516923
42.516921
42.516920
42.516909
42.516904
42.516903
42.516901
42.516900
42.516900
42.516899
42.516899
42.516898
42.516897
42.516896
42.516895
42.516894
42.516893
42.516892
42.516891
42.516890
42.516889
42.516889
42.516887
42.516887
42.516883
42.516880
42.516875
42.516861
42.516859
42.516849
42.516838
42.516825
42.516798
42.516787
42.516772
42.516754
42.516705
42.516641
42.516639
42.516569
42.516552
42.516529
42.516443
42.516390
42.516295
42.516249
42.516217
42.516054
42.516044
42.515986
42.515922
42.515910
42.515847
42.515785
42.515581
42.515551
42.515478
42.515461
42.515390
42.515368
42.515323
42.515292
42.514825
42.514751
42.514476
42.514178
42.513242
42.512380
42.512036
42.511567
42.511242
42.511242
42.511242
42.511242
42.511242
42.511242
42.511242
42.511242
42.511242
42.511242
42.511242
42.511242
42.511242
42.510738
42.509980
42.509719
42.508840
42.508710
42.508328
42.507975
42.507639
42.507557
42.506505
42.505839
42.505324
42.504322
42.504322
42.503460
42.503304
42.502795
42.502337
42.502268
42.501989
42.501188
42.500844
42.500844
42.499866
42.499808
42.499785
42.498052
42.494951
42.494923
42.494628
42.494594
42.494142
42.493851
42.493851
42.493842
42.493520
42.492797
42.491932
42.490786
42.489699
42.489356
42.488581
42.486808
42.486808
42.486672
42.486607
42.486314
42.486065
42.485728
42.484962
42.482946
42.482337
42.481809
42.479868
42.478814
42.478436
42.478421
42.478312
42.477818
42.476573
42.476151
42.476151
42.476151
42.476151
42.476151
42.476151
42.476151
42.476151
42.476151
42.476151
42.476151
42.476151
42.476151
42.476151
42.476101
42.476101
42.476101
42.474048
42.473206
42.472613
42.472215
42.471644
42.470498
42.470274
42.470061
42.469955
42.469811
42.469211
42.469186
42.467543
42.465379
42.465239
42.464713
42.464124
42.464096
42.462964
42.462846
42.461762
42.461762
42.461039
42.460682
42.460322
42.459242
42.459202
42.459097
42.458806
42.458133
42.455948
42.454882
42.454159
42.453846
42.453594
42.452277
42.450744
42.450338
42.450246
42.449629
42.448949
42.447955
42.447185
42.446451
42.446443
42.446057
42.445748
42.445144
42.445125
42.444892
42.444637
42.443849
42.443480
42.442377
42.441620
42.440834
42.439783
42.439783
42.439783
42.439783
42.439783
42.439783
42.439783
42.439783
42.439783
42.439783
42.439783
42.439783
42.439783
42.439783
42.439783
42.439783
42.439783
42.439783
42.439783
42.439783
42.439783
42.439783
42.439783
42.439783
42.439783
42.439783
42.439783
42.439783
42.439783
42.439783
42.439783
42.439783
42.439783
42.439783
42.439783
42.439783
42.439783
42.439783
42.439783
42.439783
42.439783
42.439783
42.439783
42.439783
42.439783
42.439783
42.439783
42.439783
42.439783
42.439783
42.439783
42.439783
42.439783
42.439783
42.439783
42.439783
42.439783
42.439783
42.439783
42.439783
42.439783
42.439783
42.439783
42.439783
42.439783
42.439783
42.439783
42.439783
42.439783
42.439783
42.439783
42.439783
42.439783
42.439783
42.439783
42.439783
42.439783
42.439783
42.439783
42.439783
42.439783
42.439783
42.439783
42.439783
42.439783
42.439783
42.439783
42.439783
42.439783
42.439783
42.439783
42.439783
42.439783
42.439783
42.439783
42.439783
42.439783
42.439783
42.439783
42.439783
42.439783
42.439783
42.439783
42.439783
42.439783
42.439783
42.439783
42.439783
42.439783
42.439783
42.439783
42.439783
42.439783
42.439783
42.439783
42.439783
42.439783
42.439783
42.439783
42.439783
42.439783
42.439783
42.439783
42.439783
42.439783
42.439783
42.439783
42.439783
42.439783
42.439783
42.439783
42.439783
42.439783
42.439783
42.439783
42.439783
42.439783
42.439783
42.439783
42.439783
42.439783
42.439783
42.439783
42.439783
42.439783
42.439783
42.439783
42.439783
42.439783
42.439783
42.439783
42.439783
42.439783
42.439783
42.439783
42.439783
42.439783
42.439783
42.439783
42.439783
42.439783
42.439783
42.439783
42.439783
42.439783
42.439783
42.439783
42.439783
42.439783
42.439783
42.439783
42.439783
42.439783
42.439783
42.439783
42.439783
42.439783
42.439783
42.439783
42.439783
42.439783
42.439783
42.439783
42.439783
42.439783
42.439783
42.439783
42.439783
42.439783
42.439783
42.439783
42.439783
42.439783
42.439783
42.439783
42.438888
42.438193
42.438025
42.437930
42.437930
42.437930
42.437930
42.437930
42.437930
42.437930
42.437930
42.437930
42.437930
42.437930
42.437930
42.437930
42.437930
42.437930
42.437930
42.437930
42.437930
42.437930
42.437930
42.437930
42.437930
42.437930
42.437930
42.437930
42.437930
42.437930
42.437930
42.437930
42.437930
42.437930
42.437930
42.437930
42.437930
42.437930
42.437930
42.437930
42.437930
42.437930
42.437930
42.437930
42.437930
42.437930
42.437930
42.437930
42.437930
42.437930
42.437930
42.437930
42.437930
42.437930
42.437930
42.437930
42.437930
42.437930
42.437930
42.437930
42.436445
42.436073
42.434849
42.434566
42.434447
42.434447
42.433278
42.433212
42.433107
42.432953
42.432348
42.431507
42.431299
42.430836
42.430836
42.430026
42.428506
42.424858
42.424858
42.424775
42.424458
42.424458
42.424251
42.423962
42.422174
42.422170
42.421893
42.421331
42.421331
42.421091
42.421091
42.421091
42.420129
42.419955
42.419163
42.418618
42.417872
42.415647
42.414863
42.414317
42.414264
42.413606
42.413516
42.413437
42.412367
42.412363
42.411688
42.411497
42.411412
42.411198
42.410765
42.410077
42.409847
42.409706
42.409169
42.408634
42.408251
42.408214
42.407407
42.407058
42.406908
42.406908
42.406444
42.405843
42.404971
42.404711
42.402043
42.402043
42.402043
42.402043
42.402043
42.402043
42.402043
42.402043
42.402043
42.401930
42.400925
42.397046
42.396931
42.396552
42.393762
42.393661
42.393546
42.393352
42.393352
42.391290
42.390438
42.389933
42.387974
42.387530
42.387130
42.385895
42.385562
42.385490
42.383323
42.382652
42.382625
42.382625
42.382573
42.382365
42.382163
42.380214
42.379880
42.378696
42.378123
42.378023
42.377771
42.375816
42.374776
42.374529
42.372873
42.372631
42.371230
42.371081
42.370997
42.370791
42.370791
42.370287
42.370210
42.370139
42.370104
42.369846
42.366877
42.366630
42.365528
42.365151
42.364833
42.363674
42.363401
42.363131
42.362907
42.362822
42.362822
42.362822
42.362822
42.362822
42.362822
42.362822
42.362822
42.362822
42.362822
42.362822
42.362822
42.362822
42.362822
42.362822
42.362822
42.362822
42.362822
42.362822
42.362822
42.362822
42.362822
42.362822
42.362822
42.362822
42.362822
42.362822
42.362822
42.362822
42.362822
42.362822
42.362822
42.362822
42.362822
42.362822
42.362822
42.362822
42.362765
42.362422
42.361604
42.361054
42.360914
42.360820
42.360453
42.359732
42.359257
42.359151
42.358967
42.357021
42.356402
42.356054
42.355784
42.355497
42.355112
42.354790
42.354295
42.352772
42.352737
42.351100
42.351043
42.350954
42.350750
42.350347
42.349839
42.347128
42.346693
42.346214
42.345993
42.345651
42.343713
42.343241
42.342954
42.342676
42.342620
42.342620
42.342620
42.342620
42.342620
42.342620
42.342620
42.342620
42.342620
42.342620
42.342620
42.342620
42.342620
42.342620
42.342620
42.342620
42.342620
42.342620
42.342620
42.342620
42.342620
42.342620
42.342620
42.342620
42.342620
42.342620
42.342620
42.342620
42.341470
42.340535
42.340420
42.340175
42.339842
42.338859
42.338530
42.338094
42.337852
42.337094
42.336889
42.336805
42.336169
42.335550
42.335317
42.334769
42.334573
42.334385
42.333145
42.332542
42.332537
42.332368
42.331168
42.330712
42.330427
42.330197
42.330149
42.328883
42.328515
42.328166
42.326490
42.326490
42.326490
42.326466
42.325813
42.325338
42.325122
42.324913
42.324353
42.323250
42.323069
42.322468
42.322140
42.322000
42.322000
42.322000
42.322000
42.322000
42.322000
42.322000
42.322000
42.322000
42.322000
42.321848
42.320941
42.320557
42.320557
42.320136
42.318591
42.318229
42.317825
42.317416
42.317358
42.317098
42.316681
42.315731
42.314327
42.314052
42.313167
42.312838
42.311917
42.308553
42.306201
42.305159
42.304575
42.304272
42.303620
42.302423
42.302365
42.302294
42.302294
42.301644
42.301251
42.300947
42.300947
42.300947
42.300928
42.300907
42.300178
42.299840
42.299481
42.297541
42.296981
42.296683
42.296683
42.295588
42.294710
42.294511
42.293843
42.292400
42.291863
42.291065
42.290697
42.290650
42.290479
42.290074
42.289944
42.288337
42.288099
42.287217
42.286863
42.286740
42.286210
42.285042
42.284645
42.283931
42.283801
42.283475
42.283201
42.281595
42.280729
42.280587
42.280294
42.280193
42.280023
42.279441
42.279441
42.279441
42.279441
42.279441
42.279441
42.279441
42.279441
42.279441
42.279441
42.279441
42.279441
42.279441
42.278492
42.278148
42.277291
42.277222
42.276547
42.275837
42.275083
42.275083
42.274033
42.273983
42.272370
42.271701
42.271053
42.269992
42.269983
42.269461
42.268833
42.268017
42.267742
42.267512
42.267167
42.267047
42.266512
42.265479
42.264756
42.263404
42.262024
42.261896
42.261164
42.261011
42.260880
42.260739
42.260724
42.260595
42.259596
42.259126
42.258445
42.257678
42.257133
42.256820
42.256370
42.256011
42.254499
42.254436
42.252689
42.252607
42.252449
42.252397
42.251669
42.251635
42.250247
42.249731
42.249670
42.248533
42.247920
42.247648
42.247378
42.246834
42.246296
42.245815
42.245413
42.245390
42.245205
42.244641
42.244062
42.243385
42.243152
42.242802
42.242719
42.241954
42.240315
42.239524
42.239524
42.239389
42.239357
42.239103
42.238794
42.237481
42.237427
42.236655
42.235759
42.235716
42.235381
42.234989
42.234989
42.234989
42.234989
42.234989
42.234989
42.234989
42.234989
42.234989
42.234989
42.234989
42.234989
42.234989
42.234989
42.234989
42.234989
42.234989
42.234989
42.234989
42.234989
42.234989
42.234989
42.234982
42.234336
42.234145
42.233623
42.232199
42.232173
42.231660
42.230941
42.230669
42.230627
42.229258
42.227501
42.227477
42.226431
42.225857
42.224939
42.224737
42.224737
42.224737
42.224737
42.224737
42.224737
42.224737
42.224737
42.224499
42.224213
42.224086
42.223712
42.223356
42.222929
42.222495
42.220798
42.220447
42.218774
42.218491
42.218079
42.217922
42.217604
42.216629
42.216087
42.215492
42.215093
42.215057
42.214686
42.214686
42.214512
42.213320
42.212814
42.212000
42.212000
42.212000
42.211298
42.210167
42.209752
42.208636
42.208583
42.208019
42.207697
42.207593
42.207573
42.207338
42.207338
42.207036
42.206339
42.205706
42.205477
42.205009
42.204998
42.204530
42.204526
42.204226
42.204114
42.204071
42.203974
42.203029
42.202161
42.201185
42.200982
42.200568
42.200467
42.200389
42.198891
42.198632
42.198022
42.197948
42.197948
42.197094
42.196558
42.196132
42.195797
42.195744
42.195121
42.195087
42.194933
42.194883
42.193788
42.193220
42.193206
42.193140
42.192885
42.192728
42.192636
42.192589
42.189548
42.189213
42.188619
42.188469
42.188469
42.188469
42.188469
42.188469
42.188469
42.188469
42.188469
42.188469
42.188469
42.188469
42.188469
42.188469
42.188469
42.188469
42.188469
42.188469
42.188469
42.188469
42.188469
42.188469
42.188469
42.188469
42.188469
42.188178
42.187831
42.187284
42.186930
42.186275
42.185634
42.185530
42.184993
42.184889
42.184787
42.184331
42.184310
42.184187
42.184135
42.183696
42.181537
42.180513
42.179045
42.178900
42.177477
42.177277
42.175003
42.174372
42.174080
42.173784
42.173383
42.172945
42.172797
42.172464
42.171704
42.171573
42.170759
42.170169
42.169238
42.169238
42.169238
42.169238
42.169230
42.167931
42.167367
42.166808
42.165846
42.165347
42.164859
42.164371
42.164371
42.164371
42.164371
42.164264
42.164192
42.162810
42.162418
42.161623
42.161604
42.161503
42.161204
42.160997
42.159629
42.158158
42.158065
42.157973
42.157765
42.157698
42.157604
42.156050
42.154567
42.154464
42.153226
42.153220
42.152719
42.152448
42.152266
42.151673
42.151016
42.150471
42.150029
42.149957
42.149629
42.149546
42.149438
42.149326
42.149059
42.148987
42.148791
42.148740
42.148586
42.148520
42.148322
42.147876
42.147547
42.147381
42.147370
42.147217
42.147139
42.147135
42.147107
42.147036
42.146817
42.146555
42.146530
42.146324
42.146305
42.146153
42.146132
42.145733
42.145651
42.145590
42.145557
42.145389
42.145193
42.145098
42.144670
42.144666
42.144564
42.144513
42.144325
42.144294
42.144200
42.144187
42.144187
42.144163
42.144151
42.144118
42.143623
42.143524
42.143513
42.143441
42.143429
42.143414
42.143371
42.143293
42.143251
42.143237
42.143186
42.143181
42.143049
42.142971
42.142925
42.142852
42.142800
42.142721
42.142674
42.142666
42.142658
42.142614
42.142503
42.142478
42.142453
42.142416
42.142291
42.142248
42.142199
42.142115
42.142086
42.142043
42.141778
42.141711
42.141636
42.141629
42.141541
42.141502
42.141447
42.141361
42.141300
42.141287
42.141047
42.140976
42.140950
42.140916
42.140889
42.140887
42.140886
42.140792
42.140738
42.140732
42.140731
42.140693
42.140543
42.140500
42.140463
42.140440
42.140409
42.140406
42.140341
42.140336
42.140333
42.140333
42.140333
42.140333
42.140333
42.140333
42.140333
42.140311
42.140271
42.140269
42.140230
42.140220
42.140214
42.140204
42.140196
42.140179
42.140179
42.140179
42.140162
42.140154
42.140112
42.140104
42.140080
42.140064
42.140026
42.139995
42.139932
42.139899
42.139859
42.139853
42.139849
42.139806
42.139679
42.139679
42.139679
42.139679
42.139679
42.139679
42.139679
42.139679
42.139679
42.139679
42.139679
42.139679
42.139679
42.139679
42.139679
42.139679
42.139679
42.139679
42.139679
42.139679
42.139679
42.139679
42.139679
42.139679
42.139679
42.139679
42.139679
42.139679
42.139679
42.139679
42.139679
42.139679
42.139679
42.139679
42.139679
42.139679
42.139679
42.139679
42.139679
42.139679
42.139679
42.139679
42.139679
42.139679
42.139679
42.139679
42.139679
42.139679
42.139679
42.139679
42.139679
42.139679
42.139679
42.139679
42.139679
42.139679
42.139679
42.139679
42.139679
42.139679
42.139679
42.139679
42.139679
42.139679
42.139679
42.139679
42.139679
42.139679
42.139679
42.139679
42.139679
42.139679
42.139679
42.139679
42.139679
42.139679
42.139679
42.139679
42.139679
42.139679
42.139679
42.139679
42.139679
42.139679
42.139679
42.139679
42.139679
42.139679
42.139679
42.139679
42.139679
42.139679
42.139679
42.139679
42.139679
42.139679
42.139679
42.139679
42.139679
42.139679
42.139679
42.139679
42.139679
42.139679
42.139679
42.139679
42.139679
42.139679
42.139679
42.139679
42.139679
42.139679
42.139679
42.139679
42.139679
42.139679
42.139679
42.139679
42.139679
42.139679
42.139679
42.139679
42.139679
42.139679
42.139679
42.139679
42.139679
42.139679
42.139679
42.139679
42.139679
42.139679
42.139679
42.139679
42.139679
42.139679
42.139679
42.139679
42.139679
42.139679
42.139679
42.139679
42.139679
42.139679
42.139679
42.139679
42.139679
42.139679
42.139679
42.139679
42.139679
42.139679
42.139679
42.139679
42.139679
42.139679
42.139679
42.139679
42.139679
42.139679
42.139679
42.139679
42.139679
42.139679
42.139679
42.139679
42.139679
42.139679
42.139679
42.139679
42.139679
42.139679
42.139679
42.139679
42.139679
42.139679
42.139679
42.139679
42.139679
42.139679
42.139679
42.139679
42.139679
42.139679
42.139679
42.139679
42.139679
42.139679
42.139679
42.139679
42.139679
42.139679
42.139679
42.139679
42.139679
42.139679
42.139679
42.139679
42.139679
42.139679
42.139679
42.139679
42.139679
42.139679
42.139679
42.139679
42.139679
42.139679
42.139679
42.139679
42.139679
42.139679
42.139679
42.139679
42.139679
42.139679
42.139679
42.139679
42.139679
42.139679
42.139679
42.139679
42.139679
42.139679
42.139679
42.139679
42.139679
42.139679
42.139679
42.139679
42.139679
42.139679
42.139679
42.139679
42.139679
42.139679
42.139679
42.139679
42.139679
42.139679
42.139679
42.139679
42.139679
42.139679
42.139679
42.139679
42.139679
42.139679
42.139679
42.139679
42.139679
42.139679
42.139679
42.139679
42.139679
42.139679
42.139679
42.139679
42.139679
42.139679
42.139679
42.139679
42.139679
42.139679
42.139679
42.139679
42.139679
42.139679
42.139679
42.139679
42.139679
42.139679
42.139679
42.139679
42.139679
42.139679
42.139679
42.139679
42.139679
42.139679
42.139679
42.139679
42.139679
42.139679
42.139679
42.139679
42.139679
42.139679
42.139679
42.139679
42.139679
42.139679
42.139679
42.139679
42.139679
42.139679
42.139679
42.139679
42.139679
42.139679
42.139679
42.139679
42.139679
42.139679
42.139679
42.139679
42.139679
42.139679
42.139679
42.139679
42.139679
42.139679
42.139679
42.139679
42.139679
42.139679
42.139679
42.139679
42.139679
42.139679
42.139679
42.139679
42.139679
42.139679
42.139679
42.139679
42.139679
42.139679
42.139679
42.139679
42.139679
42.139679
42.139679
42.139679
42.139679
42.139679
42.139679
42.139679
42.139679
42.139679
42.139679
42.139679
42.139679
42.139679
42.139679
42.139679
42.139679
42.139678
42.139662
42.139640
42.139576
42.139575
42.139569
42.139547
42.139513
42.139502
42.139457
42.139455
42.139379
42.139364
42.139325
42.139274
42.139233
42.139087
42.138721
42.138678
42.138060
42.137677
42.137677
42.137583
42.137275
42.137176
42.137176
42.137176
42.137176
42.137176
42.137176
42.137176
42.136733
42.136642
42.136549
42.136406
42.136283
42.136173
42.135825
42.135819
42.135749
42.135749
42.135619
42.135077
42.134666
42.134666
42.134666
42.134666
42.134666
42.134666
42.134666
42.134666
42.134666
42.134666
42.134666
42.134666
42.134666
42.134666
42.134666
42.134666
42.134666
42.134660
42.134164
42.134164
42.134164
42.134059
42.134021
42.132654
42.132275
42.132151
42.132025
42.130716
42.130685
42.130074
42.129934
42.129629
42.129629
42.129629
42.129629
42.129629
42.129629
42.129629
42.129629
42.129629
42.129629
42.129629
42.129629
42.129629
42.129629
42.129629
42.129629
42.129629
42.129629
42.129629
42.129629
42.129629
42.129629
42.129629
42.129629
42.129526
42.129210
42.128618
42.128500
42.127859
42.127859
42.125637
42.125122
42.124577
42.124565
42.124565
42.124565
42.124565
42.124565
42.124133
42.123597
42.123410
42.123279
42.122326
42.120296
42.120067
42.119633
42.119476
42.119476
42.119476
42.119476
42.119476
42.119476
42.119476
42.119476
42.119476
42.119476
42.119476
42.119476
42.119476
42.119476
42.119476
42.119476
42.119476
42.119476
42.119476
42.119476
42.119476
42.119476
42.119476
42.119476
42.119476
42.119476
42.119476
42.119476
42.119476
42.119476
42.119476
42.119476
42.119476
42.119476
42.119476
42.119476
42.119476
42.119476
42.119476
42.119476
42.119476
42.119476
42.119476
42.119476
42.119476
42.119476
42.119476
42.119476
42.119476
42.119476
42.119476
42.119476
42.119476
42.119476
42.119476
42.119476
42.119476
42.119476
42.119476
42.119476
42.119476
42.119476
42.119476
42.119476
42.119476
42.119476
42.119476
42.119476
42.119476
42.119476
42.119476
42.119476
42.119476
42.119476
42.119476
42.119476
42.119476
42.119476
42.119476
42.119476
42.119476
42.119476
42.119476
42.119476
42.119476
42.119476
42.119476
42.119476
42.119476
42.119476
42.119476
42.119476
42.119476
42.119476
42.119476
42.119476
42.119476
42.119476
42.119476
42.119476
42.119476
42.119476
42.119476
42.119476
42.119476
42.119476
42.119476
42.119476
42.119476
42.119476
42.119476
42.119476
42.119426
42.117203
42.116812
42.116022
42.115642
42.115207
42.114361
42.114361
42.114361
42.114226
42.113997
42.113620
42.113201
42.112762
42.112714
42.111691
42.111316
42.111271
42.111038
42.110783
42.110303
42.110303
42.110125
42.110125
42.110125
42.110125
42.110125
42.110125
42.110125
42.110077
42.110039
42.110012
42.110012
42.110012
42.110012
42.110012
42.110012
42.110012
42.110012
42.110012
42.110012
42.110012
42.109955
42.109951
42.109947
42.109899
42.109883
42.109883
42.109861
42.109861
42.109861
42.109861
42.109861
42.109748
42.109748
42.109748
42.109748
42.109748
42.109748
42.109748
42.109748
42.109748
42.109711
42.109705
42.109705
42.109705
42.109705
42.109705
42.109705
42.109705
42.109705
42.109705
42.109705
42.109705
42.109705
42.109705
42.109705
42.109689
42.109619
42.109533
42.109485
42.109441
42.109441
42.109441
42.109441
42.109441
42.109441
42.109441
42.109441
42.109441
42.109440
42.109440
42.109440
42.109440
42.109372
42.109336
42.109324
42.109220
42.109220
42.109220
42.109173
42.109173
42.109171
42.109169
42.109151
42.109134
42.109119
42.109117
42.109065
42.108979
42.108932
42.108926
42.108904
42.108898
42.108898
42.108898
42.108878
42.108857
42.108846
42.108713
42.108687
42.108687
42.108687
42.108687
42.108667
42.108667
42.108652
42.108509
42.108509
42.108509
42.108509
42.108509
42.108509
42.108509
42.108509
42.108509
42.108509
42.108509
42.108509
42.108509
42.108509
42.108509
42.108509
42.108509
42.108509
42.108509
42.108509
42.108509
42.108509
42.108509
42.108509
42.108509
42.108509
42.108509
42.108509
42.108509
42.108509
42.108509
42.108509
42.108509
42.108509
42.108509
42.108509
42.108509
42.108509
42.108509
42.108509
42.108509
42.108509
42.108509
42.108509
42.108509
42.108509
42.108509
42.108509
42.108509
42.108509
42.108509
42.108509
42.108509
42.108509
42.108509
42.108509
42.108509
42.108509
42.108509
42.108509
42.108504
42.108468
42.108451
42.108423
42.108423
42.108423
42.108342
42.108330
42.108330
42.108330
42.108330
42.108330
42.108330
42.108330
42.108330
42.108330
42.108330
42.108330
42.108330
42.108330
42.108330
42.108330
42.108330
42.108330
42.108330
42.108330
42.108330
42.108330
42.108330
42.108330
42.108330
42.108330
42.108330
42.108330
42.108330
42.108330
42.108330
42.108330
42.108330
42.108330
42.108330
42.108330
42.108330
42.108330
42.108330
42.108330
42.108330
42.108330
42.108330
42.108330
42.108330
42.108330
42.108330
42.108330
42.108330
42.108330
42.108330
42.108330
42.108330
42.108330
42.108330
42.108323
42.108323
42.108323
42.108323
42.108310
42.108292
42.108251
42.108244
42.108244
42.108244
42.108244
42.108244
42.108244
42.108244
42.108244
42.108244
42.108244
42.108244
42.108244
42.108244
42.108244
42.108244
42.108244
42.108244
42.108244
42.108244
42.108244
42.108244
42.108244
42.108244
42.108244
42.108244
42.108244
42.108244
42.108244
42.108244
42.108244
42.108244
42.108244
42.108244
42.108244
42.108244
42.108244
42.108244
42.108244
42.108244
42.108244
42.108244
42.108244
42.108244
42.108244
42.108244
42.108244
42.108244
42.108244
42.108244
42.108244
42.108244
42.108244
42.108244
42.108244
42.108244
42.108244
42.108244
42.108244
42.108244
42.108244
42.108229
42.108133
42.108129
42.108066
42.108066
42.108066
42.108066
42.108066
42.108066
42.108066
42.108066
42.108066
42.108066
42.108066
42.108066
42.108066
42.108066
42.108066
42.108066
42.108066
42.108066
42.108066
42.108066
42.108066
42.108066
42.108066
42.108066
42.108066
42.108066
42.108066
42.108066
42.108066
42.108066
42.108066
42.108066
42.108066
42.108066
42.108066
42.108066
42.108066
42.108066
42.108066
42.108065
42.108065
42.108065
42.108065
42.108065
42.108065
42.108065
42.108065
42.108065
42.108065
42.108065
42.108065
42.108065
42.108065
42.108065
42.108065
42.108065
42.108065
42.108065
42.108065
42.108058
42.108029
42.108019
42.107900
42.107900
42.107900
42.107868
42.107832
42.107594
42.107544
42.107528
42.107295
42.107290
42.107249
42.106811
42.106320
42.106106
42.105777
42.105777
42.105777
42.105419
42.105050
42.104923
42.104894
42.104688
42.104473
42.104384
42.104288
42.104264
42.103682
42.103294
42.103293
42.103112
42.103112
42.103112
42.103111
42.103111
42.103093
42.103077
42.103010
42.102897
42.102896
42.102851
42.102833
42.102715
42.102715
42.102714
42.102714
42.102712
42.102699
42.102694
42.102685
42.102531
42.102005
42.101618
42.101536
42.101210
42.101106
42.100927
42.100762
42.100653
42.100495
42.100371
42.100300
42.100157
42.099910
42.099791
42.099132
42.099132
42.098980
42.098857
42.098799
42.098674
42.098346
42.098179
42.098092
42.097906
42.097903
42.097899
42.097898
42.097897
42.097895
42.097616
42.097585
42.097581
42.097509
42.097502
42.097500
42.097499
42.097497
42.097494
42.097482
42.097446
42.097445
42.097401
42.097397
42.097312
42.097310
42.097286
42.097236
42.097099
42.097022
42.096735
42.096511
42.096015
42.095583
42.095532
42.095531
42.095268
42.095260
42.095168
42.095014
42.094869
42.094636
42.094469
42.094105
42.093638
42.093635
42.093509
42.091960
42.090638
42.090241
42.089452
42.089096
42.088829
42.088780
42.088386
42.088386
42.088386
42.088386
42.088386
42.088386
42.088386
42.088386
42.088386
42.088386
42.088386
42.088386
42.088386
42.088386
42.088386
42.088386
42.088386
42.088386
42.088386
42.088386
42.088386
42.088386
42.088386
42.088386
42.088386
42.088386
42.088386
42.088386
42.088386
42.088386
42.088386
42.088386
42.088386
42.088386
42.088386
42.088386
42.088386
42.088386
42.088350
42.084889
42.084455
42.083109
42.083079
42.082917
42.082553
42.082331
42.081795
42.081789
42.081729
42.080807
42.080312
42.080212
42.080061
42.079723
42.078975
42.078529
42.077803
42.076926
42.076699
42.076020
42.075197
42.075140
42.075140
42.075065
42.074115
42.073774
42.072677
42.072470
42.072457
42.072168
42.072116
42.071789
42.071625
42.071455
42.070679
42.070221
42.068934
42.068183
42.066088
42.064987
42.064809
42.064809
42.063524
42.063175
42.062906
42.061717
42.061717
42.061717
42.061336
42.060743
42.059765
42.059604
42.059407
42.059379
42.058077
42.057897
42.057447
42.057336
42.057227
42.056966
42.056920
42.055996
42.055954
42.055834
42.055568
42.054861
42.054484
42.053142
42.052324
42.051791
42.050227
42.050062
42.049934
42.048761
42.048327
42.048262
42.048253
42.047855
42.047787
42.046652
42.046610
42.045835
42.045498
42.045368
42.045136
42.043863
42.043849
42.043451
42.043184
42.042921
42.042921
42.042665
42.042617
42.042382
42.042201
42.041431
42.041277
42.040356
42.040202
42.039859
42.038820
42.038737
42.038200
42.037814
42.037782
42.036953
42.036940
42.036382
42.036113
42.035811
42.035241
42.035124
42.034698
42.034318
42.034318
42.034318
42.034318
42.034318
42.034318
42.034318
42.034318
42.034318
42.034318
42.034318
42.034318
42.034318
42.034318
42.034318
42.034318
42.034318
42.034318
42.034318
42.034318
42.034318
42.034318
42.034318
42.034318
42.034318
42.034318
42.034318
42.034318
42.034318
42.034318
42.034318
42.034318
42.034318
42.034318
42.034318
42.034318
42.034318
42.034318
42.034318
42.034318
42.034318
42.034318
42.034318
42.034318
42.034318
42.034318
42.034318
42.034318
42.034318
42.034318
42.034318
42.034318
42.034318
42.034318
42.034318
42.034318
42.034318
42.034318
42.034318
42.034318
42.034318
42.034318
42.034318
42.034318
42.033896
42.033860
42.033709
42.033311
42.033257
42.032762
42.031848
42.031537
42.030909
42.030034
42.029238
42.028747
42.028747
42.028747
42.028370
42.028043
42.026432
42.026046
42.025766
42.025238
42.025056
42.024066
42.024066
42.024066
42.024066
42.024066
42.024066
42.023617
42.023204
42.023145
42.020988
42.020321
42.020245
42.020190
42.019820
42.019716
42.019537
42.018152
42.018005
42.017764
42.017168
42.016922
42.014116
42.014116
42.013967
42.013861
42.013163
42.013106
42.011582
42.010996
42.010742
42.010634
42.009001
42.008651
42.008096
42.006833
42.006630
42.006160
42.006147
42.004218
42.003859
42.003737
42.003000
42.001993
42.001574
42.001574
42.001574
42.001574
42.001574
41.998421
41.998403
41.996951
41.995298
41.994653
41.994398
41.993913
41.993207
41.992671
41.992537
41.991972
41.991718
41.989567
41.987973
41.987296
41.987264
41.986640
41.986010
41.985945
41.985747
41.985171
41.984460
41.983728
41.983114
41.983056
41.983025
41.983025
41.982340
41.981802
41.981547
41.980190
41.979463
41.977886
41.977564
41.977198
41.977160
41.977160
41.977160
41.977160
41.977160
41.977160
41.977160
41.977160
41.975935
41.975823
41.974380
41.973994
41.973992
41.973437
41.972502
41.971802
41.971644
41.970842
41.970780
41.970399
41.968263
41.967231
41.964025
41.963103
41.962931
41.961991
41.961034
41.960911
41.960881
41.960576
41.959355
41.959355
41.959142
41.958761
41.957344
41.957228
41.956957
41.956957
41.956957
41.956773
41.955438
41.953952
41.953380
41.953349
41.953349
41.952538
41.952189
41.952144
41.951386
41.949600
41.949551
41.948821
41.948516
41.948430
41.948358
41.948198
41.947528
41.947307
41.947307
41.947307
41.947307
41.946553
41.945995
41.945801
41.945291
41.944657
41.944434
41.943822
41.943038
41.942965
41.941806
41.940628
41.939356
41.939291
41.938174
41.937055
41.937055
41.937055
41.937055
41.937055
41.937055
41.937055
41.937055
41.937055
41.937055
41.937055
41.937055
41.937055
41.937055
41.937055
41.937055
41.936755
41.936755
41.936730
41.936215
41.934707
41.933586
41.931484
41.930099
41.928951
41.928449
41.927970
41.927970
41.926323
41.926119
41.926112
41.925980
41.925867
41.925746
41.925585
41.925070
41.923632
41.923303
41.922569
41.922449
41.921367
41.921030
41.920541
41.920272
41.919484
41.918705
41.918705
41.918705
41.918548
41.918481
41.917978
41.917978
41.917791
41.917627
41.917463
41.917044
41.916535
41.916535
41.916535
41.916535
41.916535
41.916535
41.916535
41.916535
41.916535
41.916535
41.916535
41.916535
41.916535
41.916535
41.915695
41.915646
41.915139
41.914944
41.914906
41.914138
41.914002
41.913982
41.913405
41.913139
41.912785
41.912592
41.911845
41.911523
41.911067
41.910600
41.910217
41.910033
41.909719
41.908958
41.908616
41.908377
41.907962
41.906538
41.906469
41.905667
41.905102
41.904645
41.904372
41.903888
41.903594
41.902695
41.902142
41.901974
41.901915
41.901705
41.901324
41.901100
41.900221
41.899143
41.897607
41.897607
41.896582
41.896437
41.896333
41.896333
41.896333
41.896333
41.895893
41.895244
41.894609
41.894207
41.894068
41.893745
41.893439
41.892303
41.892039
41.891776
41.891764
41.891685
41.891217
41.891217
41.889118
41.888841
41.888739
41.888259
41.887417
41.887167
41.886935
41.886726
41.885436
41.884966
41.884787
41.883487
41.883003
41.882846
41.882487
41.882487
41.882487
41.882487
41.882487
41.882146
41.881789
41.880584
41.879774
41.879773
41.878443
41.877504
41.877315
41.877215
41.877164
41.876991
41.876535
41.875911
41.875908
41.875162
41.874472
41.873765
41.873670
41.873630
41.873238
41.873161
41.873082
41.872779
41.872583
41.871895
41.869764
41.868219
41.868062
41.867189
41.866787
41.866646
41.865307
41.865242
41.865242
41.864922
41.864446
41.863424
41.863174
41.863104
41.861244
41.860229
41.859685
41.859160
41.858635
41.858111
41.857998
41.857102
41.856812
41.856812
41.856812
41.856812
41.854653
41.854071
41.854012
41.853994
41.853629
41.853464
41.853186
41.852693
41.852583
41.852441
41.852069
41.851997
41.851997
41.851997
41.851997
41.851997
41.851997
41.851997
41.851997
41.851997
41.851997
41.851997
41.851997
41.851997
41.851997
41.851997
41.851997
41.851997
41.851997
41.851997
41.851997
41.851997
41.851997
41.851997
41.851997
41.851997
41.851997
41.851997
41.851997
41.851997
41.851997
41.851997
41.851997
41.851997
41.851997
41.851997
41.851997
41.851997
41.851997
41.851997
41.851997
41.851997
41.851997
41.851997
41.851997
41.851997
41.851997
41.851997
41.851997
41.851997
41.851997
41.851997
41.851997
41.851997
41.851997
41.851997
41.851997
41.851997
41.851997
41.851997
41.851997
41.851997
41.851997
41.851997
41.851997
41.851997
41.851954
41.851417
41.851017
41.850059
41.849995
41.849983
41.849951
41.849894
41.849450
41.848658
41.848256
41.848225
41.848181
41.848003
41.847771
41.847452
41.845956
41.845767
41.845308
41.844864
41.844855
41.843960
41.843932
41.843891
41.842620
41.842505
41.841805
41.841072
41.840678
41.839561
41.839260
41.839198
41.839198
41.839197
41.838896
41.838574
41.838574
41.838574
41.838333
41.837837
41.836858
41.835997
41.835165
41.834878
41.834844
41.831950
41.831865
41.831865
41.831794
41.831794
41.831794
41.831794
41.831617
41.831394
41.830759
41.830309
41.829678
41.829584
41.829011
41.828846
41.827916
41.827800
41.826577
41.825934
41.824968
41.824968
41.824352
41.823873
41.823420
41.823046
41.822931
41.822600
41.822441
41.822175
41.821775
41.821771
41.821727
41.820472
41.820380
41.820204
41.820152
41.819956
41.819694
41.819406
41.818371
41.818222
41.818095
41.818095
41.818095
41.817003
41.816926
41.816649
41.815359
41.814467
41.813822
41.813395
41.813293
41.813162
41.812194
41.812098
41.812074
41.811175
41.811175
41.809785
41.809479
41.809437
41.807437
41.807393
41.807013
41.806911
41.806755
41.805910
41.805631
41.804593
41.804300
41.804206
41.804206
41.804206
41.803324
41.803098
41.800995
41.800922
41.800808
41.800359
41.800036
41.799288
41.799126
41.798994
41.797844
41.797295
41.797092
41.796352
41.795776
41.795368
41.795283
41.794679
41.794078
41.793779
41.793201
41.792730
41.792692
41.792312
41.792247
41.790121
41.790121
41.789229
41.788354
41.788161
41.787877
41.786974
41.786688
41.786541
41.786299
41.786098
41.785731
41.784588
41.783926
41.783004
41.783004
41.783004
41.783004
41.783004
41.783004
41.783004
41.783004
41.783004
41.783004
41.783004
41.783004
41.783004
41.783004
41.782954
41.782954
41.782954
41.782954
41.782954
41.782954
41.782954
41.782954
41.782954
41.782954
41.782954
41.782954
41.782954
41.782954
41.782954
41.782954
41.782604
41.782604
41.782604
41.782604
41.782604
41.782489
41.780779
41.780102
41.780025
41.779170
41.777524
41.777358
41.777358
41.777358
41.777358
41.777358
41.777358
41.777358
41.776640
41.775938
41.775835
41.775835
41.775467
41.774491
41.774197
41.772954
41.772913
41.772523
41.769095
41.768666
41.766760
41.766517
41.764985
41.764714
41.764552
41.763608
41.763297
41.762801
41.762801
41.762618
41.762164
41.761974
41.761647
41.761458
41.761458
41.761452
41.760994
41.759813
41.759610
41.759531
41.759318
41.757611
41.757545
41.757389
41.755949
41.755860
41.755404
41.753909
41.753904
41.752306
41.751451
41.749490
41.748406
41.746956
41.746636
41.746636
41.746636
41.746636
41.746028
41.745695
41.745670
41.745572
41.745127
41.745107
41.744211
41.743668
41.743543
41.742640
41.742227
41.742155
41.742119
41.741624
41.740126
41.739607
41.738886
41.735771
41.735399
41.735377
41.735377
41.734731
41.733952
41.733508
41.732597
41.731711
41.731711
41.731711
41.731711
41.731711
41.731711
41.731711
41.731711
41.731711
41.731711
41.731711
41.731711
41.731711
41.731711
41.731711
41.731711
41.731711
41.731711
41.731711
41.731711
41.731711
41.731711
41.731711
41.731711
41.731711
41.731711
41.731711
41.731711
41.731711
41.731711
41.731711
41.731711
41.731711
41.731711
41.731711
41.731711
41.731711
41.731711
41.731711
41.731526
41.730974
41.730107
41.728274
41.727986
41.726355
41.726000
41.725217
41.724880
41.724224
41.724163
41.724163
41.723040
41.722961
41.722062
41.722038
41.721171
41.720495
41.720176
41.719901
41.719078
41.718522
41.717935
41.716559
41.716238
41.716093
41.714442
41.714442
41.714284
41.713761
41.713761
41.713761
41.713761
41.713761
41.713761
41.713761
41.713761
41.713761
41.713761
41.713152
41.712127
41.711675
41.710985
41.710763
41.709761
41.709460
41.709385
41.709114
41.708896
41.708896
41.708896
41.708896
41.708896
41.708896
41.708896
41.708896
41.708896
41.708896
41.708896
41.708633
41.706424
41.706401
41.706106
41.705924
41.705213
41.704187
41.704135
41.702545
41.701235
41.700777
41.700454
41.700405
41.700405
41.699993
41.699848
41.698863
41.698846
41.698846
41.698846
41.698846
41.698846
41.698574
41.698545
41.696892
41.696703
41.696440
41.695726
41.695468
41.694386
41.694186
41.694181
41.693392
41.693392
41.693392
41.693316
41.692946
41.692834
41.691961
41.691713
41.690458
41.688715
41.688693
41.688693
41.688693
41.688693
41.688693
41.688693
41.688693
41.688693
41.688693
41.688693
41.688693
41.688514
41.687921
41.687287
41.687230
41.686847
41.686694
41.686200
41.685831
41.685559
41.685549
41.685549
41.685549
41.685549
41.685549
41.685359
41.683480
41.683179
41.682203
41.681832
41.681628
41.680944
41.680880
41.680720
41.680007
41.679848
41.679105
41.678855
41.678386
41.677883
41.677830
41.677487
41.675390
41.675236
41.675131
41.675111
41.673667
41.673098
41.672429
41.671460
41.671405
41.671228
41.670781
41.669675
41.669675
41.669675
41.669675
41.669675
41.669675
41.669675
41.669675
41.669675
41.669675
41.669675
41.669675
41.669675
41.669675
41.669675
41.669675
41.669675
41.669675
41.669675
41.669675
41.669675
41.669675
41.669675
41.669675
41.669675
41.669327
41.669293
41.669234
41.669061
41.668904
41.667906
41.667844
41.667595
41.667449
41.667391
41.667211
41.667103
41.666218
41.666170
41.666150
41.665841
41.665496
41.665447
41.665217
41.664423
41.664163
41.663722
41.663255
41.663223
41.663131
41.662999
41.662988
41.662802
41.662468
41.662397
41.662392
41.662340
41.662278
41.662162
41.662052
41.662003
41.661945
41.661935
41.661643
41.661369
41.661332
41.661056
41.660988
41.660948
41.660835
41.660590
41.660221
41.660126
41.659878
41.659878
41.659817
41.659625
41.659513
41.659096
41.658887
41.658759
41.658478
41.657408
41.657253
41.657198
41.657198
41.656968
41.656677
41.656223
41.656138
41.655461
41.655408
41.654770
41.654700
41.654585
41.653972
41.653801
41.653546
41.653546
41.653546
41.653219
41.653130
41.652997
41.652536
41.652487
41.652266
41.652005
41.651823
41.651582
41.651221
41.651152
41.650716
41.650598
41.650152
41.650105
41.649923
41.649849
41.649567
41.649473
41.649473
41.649473
41.649473
41.649473
41.649473
41.649473
41.649473
41.649473
41.649473
41.649473
41.649473
41.649473
41.649473
41.649473
41.649473
41.649473
41.649473
41.649473
41.649473
41.649473
41.649473
41.649473
41.649473
41.649473
41.649473
41.649473
41.649473
41.649473
41.649473
41.649473
41.649473
41.649473
41.649473
41.649473
41.649473
41.649314
41.649252
41.649137
41.649084
41.648949
41.648451
41.647621
41.647347
41.646470
41.646133
41.645715
41.645669
41.645601
41.645578
41.645570
41.645405
41.645383
41.645383
41.645383
41.645383
41.645076
41.644925
41.644828
41.644819
41.644696
41.644432
41.644212
41.644184
41.643518
41.643390
41.643329
41.643045
41.642935
41.642908
41.642042
41.641782
41.641558
41.641407
41.640950
41.640283
41.639811
41.639783
41.639556
41.639488
41.639378
41.638733
41.638703
41.638218
41.638058
41.638039
41.637737
41.637628
41.637521
41.637439
41.637361
41.637292
41.637152
41.636665
41.636428
41.636282
41.635735
41.635696
41.635622
41.635535
41.635455
41.635394
41.635258
41.635079
41.634932
41.634853
41.634834
41.634444
41.634179
41.634006
41.633962
41.633705
41.633546
41.633363
41.633169
41.632941
41.632516
41.632366
41.632333
41.632057
41.631680
41.631463
41.631430
41.631218
41.631195
41.631165
41.630980
41.630812
41.630632
41.630293
41.629960
41.629838
41.629224
41.629142
41.628874
41.628853
41.628853
41.628853
41.628853
41.628853
41.628853
41.628853
41.628853
41.628853
41.628853
41.628853
41.628853
41.628853
41.628853
41.628853
41.628853
41.628853
41.628853
41.628853
41.628853
41.628853
41.628853
41.628853
41.628853
41.628853
41.628853
41.628853
41.628853
41.628853
41.628853
41.628853
41.628379
41.628258
41.627659
41.626755
41.626617
41.626573
41.626544
41.626388
41.626212
41.626131
41.626022
41.626012
41.625723
41.625716
41.625603
41.625432
41.625194
41.624767
41.624538
41.623447
41.623386
41.623296
41.623077
41.622713
41.622666
41.622593
41.622271
41.621959
41.621599
41.621161
41.620769
41.620755
41.620485
41.620485
41.620362
41.620020
41.619978
41.619844
41.619712
41.619696
41.619060
41.618722
41.618616
41.618216
41.618151
41.617889
41.617683
41.617295
41.617170
41.617158
41.616783
41.616738
41.616664
41.616438
41.616167
41.615787
41.615663
41.615594
41.615336
41.615256
41.615062
41.614983
41.614244
41.614207
41.613871
41.613783
41.613777
41.613414
41.613172
41.612894
41.612746
41.612561
41.612046
41.611948
41.611595
41.611406
41.611352
41.611329
41.611207
41.611126
41.610400
41.610062
41.609925
41.609315
41.609167
41.609140
41.608935
41.608663
41.608651
41.608651
41.608651
41.608651
41.608651
41.608651
41.608651
41.608651
41.608651
41.608651
41.608651
41.608651
41.608466
41.608400
41.608400
41.608365
41.608308
41.608267
41.608173
41.608134
41.608012
41.607942
41.607703
41.607515
41.607496
41.607121
41.606994
41.606988
41.606939
41.606857
41.606855
41.606838
41.606833
41.606777
41.606700
41.606644
41.606521
41.606303
41.605560
41.605201
41.604922
41.604792
41.604619
41.604546
41.604529
41.604460
41.604460
41.604359
41.604036
41.603909
41.603564
41.603443
41.603287
41.602357
41.602135
41.601676
41.601610
41.601569
41.601272
41.600857
41.600803
41.600454
41.600353
41.600349
41.600208
41.600161
41.600058
41.600011
41.599910
41.599893
41.599683
41.599670
41.599666
41.599525
41.599357
41.599253
41.599232
41.599223
41.599073
41.599065
41.599065
41.599043
41.598960
41.598902
41.598885
41.598863
41.598734
41.598699
41.598549
41.598492
41.598190
41.598003
41.597972
41.597870
41.597724
41.597472
41.597391
41.597355
41.597117
41.596879
41.596780
41.596491
41.596245
41.596243
41.595907
41.595897
41.595721
41.595699
41.595597
41.595563
41.595491
41.595195
41.595127
41.594952
41.594952
41.594862
41.594403
41.594088
41.593728
41.593586
41.593454
41.593226
41.592933
41.592756
41.592752
41.592526
41.592470
41.592401
41.592123
41.592008
41.591589
41.591184
41.590991
41.590632
41.590391
41.590351
41.589989
41.589917
41.589867
41.589701
41.589626
41.589077
41.588635
41.588535
41.588448
41.588448
41.588448
41.588448
41.588448
41.588448
41.588448
41.587872
41.587849
41.587714
41.587602
41.587328
41.587276
41.587229
41.587197
41.587178
41.587158
41.586946
41.586928
41.586800
41.586651
41.586498
41.586443
41.586431
41.586294
41.586294
41.586294
41.586294
41.586109
41.586006
41.585860
41.585678
41.585556
41.585445
41.585122
41.585045
41.584366
41.584298
41.584295
41.584238
41.584011
41.583716
41.583512
41.583369
41.582968
41.582968
41.582771
41.582531
41.582481
41.582379
41.582249
41.582011
41.581895
41.581851
41.581700
41.581452
41.581449
41.581045
41.581045
41.580952
41.580879
41.580299
41.580080
41.579974
41.579914
41.579580
41.579425
41.579096
41.579077
41.578729
41.578722
41.578469
41.578322
41.578242
41.577807
41.577757
41.577676
41.577623
41.577560
41.577560
41.577560
41.577560
41.577281
41.576909
41.576181
41.576159
41.576096
41.575900
41.575750
41.575477
41.574847
41.574796
41.574780
41.574775
41.574476
41.574383
41.574109
41.573962
41.573843
41.573724
41.573674
41.573377
41.572737
41.572657
41.572654
41.572344
41.572270
41.572227
41.572022
41.571898
41.571733
41.571638
41.571359
41.571258
41.571189
41.571147
41.570971
41.570830
41.570810
41.570810
41.570810
41.570605
41.570555
41.570415
41.570359
41.569817
41.569633
41.569633
41.569536
41.569142
41.568848
41.568810
41.568762
41.568749
41.568648
41.568594
41.568495
41.568430
41.568213
41.568126
41.568017
41.567986
41.567939
41.567773
41.567499
41.567350
41.567226
41.567089
41.567020
41.567019
41.567009
41.567000
41.566783
41.566732
41.566477
41.566380
41.566254
41.566143
41.566132
41.566129
41.566112
41.566076
41.565675
41.565465
41.565355
41.565292
41.565105
41.564935
41.564806
41.564583
41.564288
41.564258
41.564067
41.564023
41.563947
41.563843
41.563776
41.563774
41.563195
41.563187
41.563153
41.563072
41.562913
41.562413
41.562384
41.562221
41.562163
41.561976
41.561923
41.561714
41.561697
41.561610
41.561523
41.561523
41.561385
41.561379
41.561371
41.561368
41.561184
41.561011
41.560763
41.560738
41.560463
41.560442
41.560089
41.559860
41.559860
41.559860
41.559665
41.559614
41.559599
41.559180
41.559149
41.559088
41.559050
41.558813
41.558810
41.558773
41.558699
41.558599
41.558469
41.558456
41.558275
41.558025
41.558019
41.557967
41.557772
41.557524
41.557460
41.557301
41.557117
41.557047
41.557045
41.556932
41.556638
41.556583
41.556410
41.556229
41.556195
41.556171
41.556019
41.555925
41.555749
41.555715
41.555709
41.555196
41.555083
41.554941
41.554921
41.554886
41.554613
41.554477
41.554457
41.554443
41.554402
41.554341
41.554333
41.554264
41.554046
41.554007
41.554004
41.553922
41.553895
41.553779
41.553747
41.553614
41.553589
41.553541
41.553455
41.553428
41.553353
41.553304
41.553284
41.553229
41.553215
41.553144
41.552727
41.552707
41.552591
41.552547
41.552071
41.551921
41.551900
41.551786
41.551659
41.551454
41.551419
41.551340
41.551329
41.551312
41.551188
41.551115
41.551038
41.550892
41.550892
41.550892
41.550892
41.550892
41.550884
41.550846
41.550778
41.550547
41.550532
41.550509
41.550380
41.550354
41.550283
41.550077
41.550038
41.549788
41.548964
41.548948
41.548928
41.548844
41.548641
41.548567
41.548363
41.548197
41.547883
41.547792
41.547638
41.547602
41.547433
41.547375
41.547177
41.547151
41.546902
41.546840
41.546814
41.546775
41.546412
41.546287
41.546238
41.546237
41.546117
41.546108
41.546042
41.545894
41.545894
41.545879
41.545856
41.545801
41.545787
41.545757
41.545737
41.545737
41.545703
41.545696
41.545472
41.545462
41.545240
41.545095
41.544950
41.544910
41.544828
41.544822
41.544755
41.544507
41.544494
41.544439
41.544437
41.544404
41.544286
41.544112
41.543971
41.543879
41.543869
41.543817
41.543761
41.543563
41.543512
41.543498
41.543396
41.543278
41.543258
41.543095
41.543035
41.542946
41.542767
41.542673
41.542526
41.542403
41.542361
41.542178
41.542170
41.542040
41.541915
41.541842
41.541842
41.541842
41.541842
41.541842
41.541842
41.541842
41.541842
41.541842
41.541842
41.541842
41.541842
41.541842
41.541842
41.541842
41.541842
41.541842
41.541842
41.541842
41.541842
41.541842
41.541842
41.541842
41.541842
41.541842
41.541842
41.541842
41.541842
41.541842
41.541842
41.541842
41.541842
41.541842
41.541842
41.541842
41.541842
41.541842
41.541842
41.541842
41.541842
41.541842
41.541842
41.541842
41.541842
41.541842
41.541842
41.541842
41.541842
41.541842
41.541842
41.541842
41.541842
41.541842
41.541842
41.541842
41.541842
41.541842
41.541842
41.541842
41.541842
41.541842
41.541842
41.541842
41.541842
41.541842
41.541842
41.541842
41.541842
41.541842
41.541842
41.541842
41.541842
41.541842
41.541842
41.541842
41.541842
41.541842
41.541842
41.541842
41.541842
41.541842
41.541842
41.541842
41.541842
41.541842
41.541842
41.541842
41.541842
41.541842
41.541842
41.541842
41.541842
41.541842
41.541842
41.541842
41.541842
41.541842
41.541842
41.541842
41.541842
41.541842
41.541842
41.541842
41.541842
41.541842
41.541842
41.541842
41.541842
41.541842
41.541842
41.541842
41.541842
41.541842
41.541842
41.541842
41.541842
41.541842
41.541842
41.541842
41.541842
41.541842
41.541842
41.541842
41.541842
41.541842
41.541842
41.541842
41.541842
41.541842
41.541842
41.541842
41.541842
41.541842
41.541842
41.541842
41.541842
41.541842
41.541842
41.541842
41.541842
41.541842
41.541842
41.541842
41.541842
41.541842
41.541842
41.541842
41.541842
41.541842
41.541842
41.541842
41.541842
41.541842
41.541842
41.541842
41.541842
41.541842
41.541842
41.541842
41.541842
41.541842
41.541842
41.541842
41.541842
41.541842
41.541842
41.541842
41.541842
41.541842
41.541842
41.541842
41.541842
41.541842
41.541842
41.541842
41.541842
41.541842
41.541842
41.541842
41.541842
41.541842
41.541842
41.541842
41.541842
41.541842
41.541842
41.541842
41.541842
41.541842
41.541842
41.541842
41.541842
41.541842
41.541842
41.541842
41.541842
41.541842
41.541842
41.541842
41.541662
41.541596
41.541500
41.541400
41.541346
41.540824
41.540797
41.540695
41.540287
41.540008
41.539990
41.539974
41.539886
41.539827
41.539816
41.539658
41.539658
41.539655
41.539624
41.539562
41.539452
41.539339
41.539322
41.539310
41.539209
41.539060
41.538969
41.538927
41.538757
41.538510
41.538448
41.538341
41.538331
41.538207
41.538160
41.538149
41.537924
41.537887
41.537883
41.537850
41.537832
41.537383
41.537286
41.537281
41.537275
41.537077
41.537070
41.537034
41.536861
41.536812
41.536793
41.536673
41.536470
41.536365
41.536364
41.536274
41.536192
41.535598
41.535436
41.535423
41.535378
41.535367
41.535347
41.535330
41.535245
41.535138
41.534967
41.534885
41.534868
41.534814
41.534800
41.534783
41.534707
41.534704
41.534616
41.534543
41.534175
41.534099
41.534013
41.533985
41.533932
41.533892
41.533872
41.533850
41.533804
41.533791
41.533527
41.533428
41.533260
41.533043
41.533037
41.532901
41.532874
41.532848
41.532752
41.532709
41.532709
41.532709
41.532709
41.532709
41.532709
41.532709
41.532709
41.532634
41.532604
41.532593
41.532558
41.532534
41.532488
41.532483
41.532446
41.532446
41.532416
41.532415
41.532393
41.532222
41.532166
41.532077
41.532013
41.531720
41.531710
41.531689
41.531685
41.531668
41.531589
41.531589
41.531589
41.531589
41.531589
41.531589
41.531589
41.531589
41.531589
41.531589
41.531589
41.531589
41.531589
41.531589
41.531589
41.531589
41.531589
41.531589
41.531589
41.531589
41.531589
41.531589
41.531589
41.531589
41.531589
41.531553
41.531311
41.531273
41.531261
41.531180
41.530910
41.530833
41.530803
41.530789
41.530736
41.530609
41.530178
41.529978
41.529963
41.529837
41.529831
41.529659
41.529033
41.528956
41.528920
41.528741
41.528482
41.528388
41.528272
41.528124
41.528084
41.527905
41.527883
41.527861
41.527805
41.527607
41.527549
41.527291
41.527062
41.527025
41.527011
41.526943
41.526693
41.526553
41.526543
41.526533
41.526413
41.526126
41.526004
41.525975
41.525826
41.525696
41.525642
41.525609
41.525604
41.525528
41.525429
41.525369
41.525324
41.525230
41.525173
41.524945
41.524926
41.524922
41.524553
41.524549
41.524448
41.524317
41.524214
41.524168
41.524110
41.523864
41.523755
41.523750
41.523638
41.523493
41.523493
41.523493
41.523493
41.523493
41.523493
41.523493
41.523493
41.523493
41.523493
41.523105
41.523097
41.523070
41.522942
41.522874
41.522800
41.522770
41.522706
41.522552
41.522549
41.522363
41.522350
41.522186
41.522181
41.522040
41.521981
41.521639
41.521639
41.521531
41.521456
41.521419
41.521405
41.521307
41.521299
41.521201
41.521155
41.521119
41.521106
41.521073
41.521042
41.521006
41.520914
41.520897
41.520835
41.520815
41.520711
41.520613
41.520301
41.520257
41.519916
41.519907
41.519902
41.519752
41.519561
41.519533
41.519438
41.519331
41.519229
41.519130
41.518707
41.518671
41.518662
41.518651
41.518651
41.518478
41.518442
41.518367
41.518299
41.518132
41.518105
41.518031
41.518028
41.517952
41.517888
41.517726
41.517607
41.517589
41.517572
41.517557
41.517532
41.517508
41.517485
41.517397
41.517296
41.517282
41.517273
41.517212
41.517177
41.516774
41.516709
41.516638
41.516422
41.516309
41.516298
41.516183
41.516141
41.516115
41.516080
41.516006
41.515996
41.515940
41.515831
41.515797
41.515796
41.515734
41.515533
41.515513
41.515398
41.515308
41.515126
41.515104
41.515095
41.514924
41.514845
41.514679
41.514610
41.514576
41.514554
41.514514
41.514453
41.514435
41.514287
41.514190
41.514190
41.514190
41.514190
41.514134
41.514132
41.514067
41.513975
41.513964
41.513926
41.513901
41.513885
41.513744
41.513668
41.513629
41.513549
41.513534
41.513491
41.513489
41.513424
41.513347
41.513240
41.513237
41.513215
41.513023
41.512903
41.512826
41.512739
41.512645
41.512642
41.512503
41.512485
41.512463
41.512280
41.512269
41.512240
41.512235
41.512134
41.511938
41.511821
41.511657
41.511581
41.511372
41.511352
41.511157
41.510926
41.510894
41.510830
41.510758
41.510699
41.510623
41.510206
41.510034
41.510017
41.509634
41.509587
41.509562
41.509554
41.509542
41.509424
41.509331
41.509299
41.509214
41.509100
41.508931
41.508695
41.508284
41.508177
41.508065
41.508060
41.508052
41.507987
41.507945
41.507758
41.507471
41.507470
41.507470
41.507459
41.507406
41.507316
41.507090
41.506980
41.506862
41.506794
41.506768
41.506709
41.506660
41.506605
41.506549
41.506456
41.506429
41.506376
41.506343
41.506269
41.506160
41.506077
41.506017
41.506009
41.505987
41.505871
41.505868
41.505809
41.505776
41.505705
41.505541
41.505466
41.505429
41.505392
41.505225
41.505081
41.505046
41.505030
41.505013
41.505013
41.504996
41.504932
41.504845
41.504811
41.504801
41.504801
41.504801
41.504801
41.504742
41.504736
41.504707
41.504683
41.504650
41.504642
41.504555
41.504477
41.504264
41.504225
41.504167
41.504133
41.504102
41.504046
41.504026
41.503946
41.503935
41.503911
41.503896
41.503862
41.503819
41.503639
41.503619
41.503609
41.503549
41.503465
41.503376
41.503290
41.503085
41.503038
41.502984
41.502966
41.502915
41.502896
41.502871
41.502842
41.502665
41.502611
41.501953
41.501882
41.501859
41.501851
41.501777
41.501723
41.501499
41.501397
41.501321
41.501259
41.501223
41.501168
41.501106
41.500995
41.500822
41.500689
41.500635
41.500492
41.500426
41.500159
41.500072
41.499890
41.499801
41.499691
41.499412
41.499380
41.499365
41.499342
41.499227
41.499070
41.498945
41.498933
41.498847
41.498821
41.498819
41.498806
41.498791
41.498716
41.498715
41.498690
41.498553
41.498392
41.498390
41.498338
41.498310
41.498305
41.498219
41.498168
41.498166
41.497925
41.497861
41.497790
41.497788
41.497751
41.497688
41.497538
41.497428
41.497382
41.497329
41.497322
41.497265
41.497242
41.497208
41.497107
41.497086
41.497007
41.497006
41.496993
41.496922
41.496915
41.496824
41.496738
41.496733
41.496653
41.496581
41.496555
41.496525
41.496459
41.496452
41.496302
41.496264
41.496238
41.496097
41.495981
41.495946
41.495865
41.495852
41.495773
41.495691
41.495625
41.495603
41.495594
41.495484
41.495380
41.495322
41.495322
41.495322
41.495322
41.495322
41.495322
41.495322
41.495322
41.495322
41.495322
41.495322
41.495322
41.495322
41.495322
41.495322
41.495322
41.495201
41.495141
41.495113
41.495042
41.494922
41.494865
41.494851
41.494814
41.494741
41.494687
41.494660
41.494551
41.494403
41.494280
41.494173
41.494150
41.494027
41.494023
41.493951
41.493865
41.493854
41.493830
41.493739
41.493710
41.493672
41.493652
41.493651
41.493634
41.493540
41.493535
41.493528
41.493442
41.493418
41.493302
41.493103
41.493081
41.492978
41.492953
41.492898
41.492819
41.492786
41.492693
41.492679
41.492666
41.492663
41.492636
41.492608
41.492566
41.492552
41.492386
41.492370
41.492273
41.492271
41.492238
41.492176
41.492150
41.492054
41.491994
41.491987
41.491934
41.491856
41.491667
41.491561
41.491537
41.491519
41.491514
41.491371
41.491276
41.491275
41.491234
41.491218
41.491078
41.491045
41.490858
41.490846
41.490752
41.490742
41.490691
41.490617
41.490617
41.490617
41.490617
41.490548
41.490538
41.490473
41.490472
41.490434
41.490397
41.490335
41.490272
41.490222
41.490208
41.490106
41.490103
41.490021
41.490000
41.489971
41.489951
41.489880
41.489868
41.489839
41.489778
41.489739
41.489701
41.489631
41.489596
41.489496
41.489482
41.489442
41.489292
41.489209
41.489179
41.489057
41.489008
41.488938
41.488877
41.488774
41.488720
41.488605
41.488559
41.488528
41.488448
41.488393
41.488340
41.488338
41.488318
41.488301
41.488206
41.488179
41.488139
41.488067
41.488059
41.488046
41.488034
41.488015
41.487902
41.487799
41.487761
41.487730
41.487725
41.487652
41.487632
41.487583
41.487564
41.487395
41.487311
41.487220
41.487191
41.487146
41.487140
41.487115
41.487114
41.487010
41.487009
41.486950
41.486828
41.486797
41.486793
41.486771
41.486745
41.486501
41.486497
41.486491
41.486461
41.486431
41.486388
41.486187
41.486169
41.486164
41.486076
41.486057
41.486029
41.485995
41.485978
41.485968
41.485917
41.485910
41.485893
41.485886
41.485813
41.485813
41.485775
41.485752
41.485752
41.485752
41.485752
41.485737
41.485678
41.485677
41.485663
41.485661
41.485659
41.485639
41.485632
41.485632
41.485604
41.485598
41.485585
41.485548
41.485536
41.485512
41.485477
41.485444
41.485394
41.485324
41.485243
41.485222
41.485201
41.485154
41.485107
41.485072
41.485071
41.485060
41.484957
41.484832
41.484666
41.484598
41.484569
41.484538
41.484520
41.484467
41.484401
41.484350
41.484312
41.484124
41.484005
41.483944
41.483880
41.483861
41.483812
41.483804
41.483788
41.483775
41.483666
41.483642
41.483594
41.483575
41.483556
41.483545
41.483472
41.483461
41.483404
41.483374
41.483313
41.483212
41.483195
41.483132
41.483089
41.483079
41.483036
41.483026
41.483026
41.483014
41.482960
41.482767
41.482741
41.482705
41.482657
41.482603
41.482594
41.482541
41.482510
41.482380
41.482322
41.482238
41.482017
41.481993
41.481863
41.481859
41.481838
41.481816
41.481814
41.481740
41.481661
41.481608
41.481575
41.481547
41.481518
41.481448
41.481399
41.481392
41.481352
41.481316
41.481243
41.481238
41.481190
41.481172
41.481105
41.481024
41.480911
41.480837
41.480834
41.480829
41.480776
41.480764
41.480637
41.480470
41.480417
41.480314
41.480218
41.480189
41.480183
41.480167
41.480159
41.480159
41.480141
41.480097
41.480095
41.480044
41.480041
41.479987
41.479978
41.479947
41.479945
41.479920
41.479854
41.479830
41.479801
41.479758
41.479719
41.479676
41.479650
41.479592
41.479578
41.479559
41.479366
41.479358
41.479352
41.479316
41.479255
41.479171
41.479151
41.479080
41.478989
41.478986
41.478985
41.478916
41.478900
41.478880
41.478868
41.478837
41.478831
41.478795
41.478764
41.478761
41.478733
41.478705
41.478705
41.478705
41.478650
41.478604
41.478590
41.478586
41.478545
41.478505
41.478497
41.478470
41.478447
41.478381
41.478289
41.478193
41.478181
41.478070
41.478050
41.477948
41.477934
41.477915
41.477860
41.477764
41.477736
41.477654
41.477628
41.477492
41.477478
41.477454
41.477421
41.477402
41.477368
41.477341
41.477324
41.477304
41.477280
41.477278
41.477153
41.477135
41.477038
41.477022
41.477022
41.477022
41.477022
41.477022
41.477022
41.477022
41.477022
41.477022
41.476941
41.476912
41.476846
41.476830
41.476799
41.476727
41.476679
41.476664
41.476637
41.476564
41.476536
41.476512
41.476458
41.476452
41.476372
41.476362
41.476343
41.476308
41.476244
41.476230
41.476210
41.476156
41.476129
41.476090
41.476090
41.476090
41.476090
41.476090
41.476084
41.475979
41.475958
41.475899
41.475859
41.475835
41.475833
41.475771
41.475730
41.475715
41.475704
41.475684
41.475612
41.475565
41.475562
41.475540
41.475538
41.475528
41.475501
41.475492
41.475468
41.475463
41.475452
41.475403
41.475394
41.475373
41.475243
41.475243
41.475226
41.475131
41.475119
41.475115
41.475068
41.475012
41.474960
41.474934
41.474934
41.474915
41.474891
41.474881
41.474879
41.474798
41.474740
41.474718
41.474711
41.474698
41.474655
41.474638
41.474571
41.474530
41.474504
41.474482
41.474480
41.474473
41.474452
41.474337
41.474324
41.474299
41.474285
41.474264
41.474211
41.474169
41.474158
41.474102
41.474091
41.473893
41.473858
41.473833
41.473806
41.473731
41.473703
41.473696
41.473694
41.473607
41.473586
41.473581
41.473566
41.473534
41.473521
41.473500
41.473448
41.473388
41.473301
41.473272
41.473241
41.473154
41.473144
41.473071
41.473068
41.473068
41.473024
41.473006
41.472987
41.472887
41.472826
41.472747
41.472735
41.472698
41.472698
41.472692
41.472691
41.472685
41.472648
41.472624
41.472564
41.472560
41.472538
41.472535
41.472531
41.472481
41.472448
41.472432
41.472417
41.472402
41.472397
41.472360
41.472355
41.472342
41.472286
41.472238
41.472226
41.472222
41.472217
41.472217
41.472199
41.472199
41.472180
41.472174
41.472161
41.472038
41.472025
41.471963
41.471957
41.471868
41.471819
41.471706
41.471696
41.471639
41.471632
41.471626
41.471603
41.471493
41.471477
41.471452
41.471423
41.471401
41.471372
41.471343
41.471311
41.471300
41.471281
41.471279
41.471224
41.471186
41.471160
41.471137
41.471130
41.471126
41.471101
41.471101
41.471099
41.471036
41.470954
41.470903
41.470870
41.470867
41.470861
41.470854
41.470743
41.470726
41.470703
41.470621
41.470603
41.470596
41.470590
41.470580
41.470564
41.470549
41.470543
41.470527
41.470521
41.470464
41.470372
41.470364
41.470334
41.470319
41.470297
41.470285
41.470276
41.470259
41.470247
41.470213
41.470191
41.470168
41.470134
41.470115
41.470072
41.470055
41.470020
41.469999
41.469909
41.469897
41.469853
41.469834
41.469807
41.469788
41.469751
41.469703
41.469606
41.469573
41.469557
41.469514
41.469510
41.469501
41.469492
41.469434
41.469421
41.469370
41.469318
41.469294
41.469272
41.469171
41.469154
41.469119
41.469031
41.469001
41.468977
41.468968
41.468967
41.468924
41.468780
41.468750
41.468681
41.468677
41.468671
41.468616
41.468607
41.468606
41.468584
41.468568
41.468518
41.468486
41.468456
41.468392
41.468303
41.468257
41.468219
41.468171
41.468165
41.468076
41.468043
41.467929
41.467892
41.467887
41.467859
41.467855
41.467792
41.467760
41.467712
41.467710
41.467685
41.467662
41.467648
41.467581
41.467541
41.467539
41.467505
41.467438
41.467434
41.467421
41.467352
41.467347
41.467212
41.467162
41.467152
41.467115
41.467046
41.467019
41.467009
41.466987
41.466957
41.466943
41.466907
41.466904
41.466887
41.466878
41.466859
41.466824
41.466784
41.466755
41.466722
41.466662
41.466639
41.466600
41.466586
41.466568
41.466553
41.466531
41.466452
41.466425
41.466376
41.466355
41.466334
41.466334
41.466334
41.466334
41.466334
41.466334
41.466334
41.466334
41.466334
41.466334
41.466334
41.466298
41.466224
41.466098
41.466083
41.466000
41.465996
41.465990
41.465984
41.465976
41.465968
41.465967
41.465952
41.465933
41.465915
41.465898
41.465866
41.465865
41.465816
41.465787
41.465756
41.465744
41.465736
41.465719
41.465710
41.465700
41.465695
41.465681
41.465648
41.465637
41.465626
41.465616
41.465595
41.465582
41.465575
41.465550
41.465550
41.465550
41.465550
41.465550
41.465510
41.465495
41.465421
41.465407
41.465367
41.465363
41.465306
41.465294
41.465238
41.465205
41.465170
41.465169
41.465120
41.465084
41.465070
41.465040
41.465038
41.465020
41.465020
41.465003
41.465003
41.464999
41.464951
41.464947
41.464943
41.464916
41.464912
41.464901
41.464882
41.464850
41.464839
41.464838
41.464832
41.464728
41.464725
41.464719
41.464601
41.464592
41.464564
41.464466
41.464460
41.464446
41.464442
41.464435
41.464416
41.464413
41.464381
41.464330
41.464319
41.464274
41.464244
41.464234
41.464196
41.464195
41.464179
41.464142
41.464131
41.464094
41.464091
41.464082
41.464057
41.463997
41.463966
41.463966
41.463952
41.463940
41.463918
41.463898
41.463889
41.463836
41.463832
41.463787
41.463765
41.463763
41.463748
41.463740
41.463729
41.463710
41.463708
41.463700
41.463694
41.463691
41.463669
41.463614
41.463613
41.463592
41.463542
41.463531
41.463474
41.463328
41.463260
41.463214
41.463197
41.463161
41.463156
41.463147
41.463139
41.463091
41.463064
41.463061
41.463050
41.462965
41.462955
41.462954
41.462908
41.462838
41.462819
41.462815
41.462739
41.462586
41.462566
41.462554
41.462522
41.462444
41.462444
41.462410
41.462399
41.462392
41.462381
41.462346
41.462304
41.462287
41.462255
41.462255
41.462227
41.462215
41.462197
41.462169
41.462162
41.462128
41.462108
41.462078
41.462075
41.462062
41.462050
41.462013
41.461974
41.461948
41.461928
41.461920
41.461909
41.461899
41.461886
41.461875
41.461869
41.461867
41.461847
41.461819
41.461818
41.461790
41.461759
41.461755
41.461694
41.461691
41.461660
41.461648
41.461644
41.461629
41.461626
41.461601
41.461600
41.461588
41.461572
41.461562
41.461548
41.461529
41.461525
41.461508
41.461497
41.461488
41.461450
41.461441
41.461439
41.461420
41.461398
41.461353
41.461344
41.461294
41.461246
41.461223
41.461222
41.461219
41.461205
41.461199
41.461183
41.461172
41.461167
41.461154
41.461150
41.461147
41.461135
41.461133
41.461128
41.461122
41.461096
41.461093
41.461091
41.461065
41.461055
41.461041
41.461021
41.461008
41.461002
41.460962
41.460918
41.460917
41.460901
41.460861
41.460831
41.460823
41.460820
41.460798
41.460766
41.460763
41.460749
41.460743
41.460740
41.460722
41.460633
41.460608
41.460569
41.460565
41.460557
41.460511
41.460488
41.460459
41.460435
41.460432
41.460417
41.460381
41.460363
41.460355
41.460351
41.460324
41.460304
41.460198
41.460179
41.460159
41.460152
41.460070
41.460034
41.460033
41.460017
41.459945
41.459874
41.459874
41.459859
41.459834
41.459833
41.459826
41.459808
41.459800
41.459782
41.459747
41.459728
41.459711
41.459704
41.459651
41.459630
41.459618
41.459582
41.459578
41.459568
41.459562
41.459528
41.459517
41.459517
41.459453
41.459451
41.459445
41.459415
41.459407
41.459397
41.459383
41.459368
41.459360
41.459331
41.459328
41.459317
41.459309
41.459298
41.459265
41.459229
41.459213
41.459210
41.459167
41.459145
41.459132
41.459122
41.459073
41.459060
41.458996
41.458962
41.458949
41.458947
41.458912
41.458880
41.458873
41.458866
41.458837
41.458817
41.458814
41.458799
41.458766
41.458757
41.458721
41.458698
41.458615
41.458614
41.458527
41.458526
41.458497
41.458495
41.458462
41.458460
41.458458
41.458450
41.458449
41.458444
41.458442
41.458425
41.458416
41.458411
41.458411
41.458380
41.458352
41.458335
41.458327
41.458326
41.458313
41.458295
41.458283
41.458258
41.458254
41.458233
41.458220
41.458217
41.458209
41.458194
41.458166
41.458110
41.458087
41.458042
41.458037
41.458008
41.457984
41.457961
41.457958
41.457955
41.457946
41.457945
41.457930
41.457877
41.457875
41.457863
41.457851
41.457848
41.457829
41.457822
41.457819
41.457781
41.457776
41.457749
41.457745
41.457724
41.457705
41.457676
41.457621
41.457593
41.457570
41.457569
41.457492
41.457472
41.457463
41.457440
41.457417
41.457414
41.457390
41.457366
41.457344
41.457296
41.457277
41.457270
41.457269
41.457194
41.457128
41.457126
41.457119
41.457114
41.457100
41.457100
41.457048
41.457028
41.457026
41.457005
41.456974
41.456962
41.456919
41.456897
41.456890
41.456835
41.456812
41.456801
41.456789
41.456757
41.456754
41.456752
41.456742
41.456724
41.456720
41.456718
41.456691
41.456664
41.456660
41.456617
41.456586
41.456556
41.456544
41.456539
41.456538
41.456538
41.456509
41.456505
41.456503
41.456482
41.456482
41.456482
41.456482
41.456482
41.456482
41.456482
41.456482
41.456482
41.456482
41.456462
41.456458
41.456454
41.456425
41.456398
41.456371
41.456287
41.456192
41.456177
41.456175
41.456147
41.456141
41.456087
41.456073
41.456052
41.456041
41.456025
41.456015
41.455990
41.455981
41.455976
41.455952
41.455839
41.455830
41.455828
41.455822
41.455808
41.455795
41.455666
41.455615
41.455591
41.455590
41.455583
41.455573
41.455567
41.455526
41.455493
41.455491
41.455477
41.455446
41.455443
41.455415
41.455398
41.455339
41.455309
41.455150
41.455133
41.455109
41.455080
41.455035
41.454950
41.454923
41.454914
41.454903
41.454890
41.454853
41.454807
41.454801
41.454799
41.454794
41.454776
41.454749
41.454611
41.454580
41.454566
41.454531
41.454501
41.454482
41.454479
41.454467
41.454426
41.454412
41.454402
41.454373
41.454372
41.454371
41.454296
41.454263
41.454252
41.454195
41.454153
41.454141
41.454121
41.454083
41.454057
41.454033
41.453957
41.453867
41.453832
41.453757
41.453752
41.453721
41.453708
41.453700
41.453663
41.453637
41.453621
41.453564
41.453548
41.453530
41.453529
41.453515
41.453502
41.453482
41.453474
41.453445
41.453433
41.453420
41.453401
41.453392
41.453384
41.453343
41.453343
41.453325
41.453311
41.453305
41.453282
41.453272
41.453266
41.453259
41.453256
41.453252
41.453204
41.453197
41.453176
41.453147
41.453134
41.453094
41.453071
41.453070
41.453064
41.453044
41.452939
41.452938
41.452933
41.452904
41.452857
41.452810
41.452734
41.452708
41.452692
41.452673
41.452659
41.452659
41.452652
41.452645
41.452636
41.452635
41.452633
41.452619
41.452603
41.452577
41.452565
41.452561
41.452561
41.452561
41.452561
41.452561
41.452561
41.452528
41.452501
41.452496
41.452489
41.452485
41.452459
41.452422
41.452419
41.452383
41.452346
41.452283
41.452280
41.452244
41.452222
41.452133
41.452109
41.452080
41.452015
41.452004
41.451997
41.451944
41.451899
41.451878
41.451871
41.451840
41.451824
41.451809
41.451793
41.451760
41.451759
41.451750
41.451745
41.451737
41.451735
41.451727
41.451722
41.451710
41.451688
41.451688
41.451686
41.451683
41.451680
41.451582
41.451582
41.451578
41.451534
41.451526
41.451525
41.451505
41.451488
41.451483
41.451446
41.451432
41.451379
41.451374
41.451366
41.451353
41.451344
41.451342
41.451321
41.451305
41.451253
41.451217
41.451181
41.451163
41.451149
41.451147
41.451119
41.451087
41.451069
41.451068
41.451041
41.451034
41.451012
41.451002
41.450992
41.450987
41.450963
41.450951
41.450946
41.450944
41.450935
41.450927
41.450924
41.450907
41.450897
41.450881
41.450876
41.450851
41.450846
41.450813
41.450809
41.450802
41.450777
41.450756
41.450744
41.450735
41.450725
41.450680
41.450671
41.450669
41.450656
41.450589
41.450576
41.450572
41.450572
41.450557
41.450554
41.450515
41.450512
41.450481
41.450474
41.450463
41.450423
41.450417
41.450405
41.450401
41.450398
41.450398
41.450389
41.450371
41.450356
41.450349
41.450311
41.450309
41.450288
41.450278
41.450261
41.450240
41.450215
41.450212
41.450205
41.450201
41.450140
41.450139
41.450116
41.450110
41.450065
41.450049
41.450008
41.450005
41.449998
41.449994
41.449962
41.449929
41.449914
41.449847
41.449847
41.449841
41.449838
41.449824
41.449811
41.449801
41.449792
41.449788
41.449755
41.449749
41.449729
41.449699
41.449686
41.449667
41.449663
41.449658
41.449637
41.449605
41.449593
41.449590
41.449583
41.449577
41.449557
41.449540
41.449497
41.449495
41.449466
41.449452
41.449442
41.449433
41.449381
41.449356
41.449352
41.449347
41.449325
41.449302
41.449300
41.449235
41.449234
41.449220
41.449208
41.449208
41.449187
41.449176
41.449169
41.449162
41.449134
41.449130
41.449129
41.449096
41.449079
41.449049
41.449044
41.449029
41.449020
41.448971
41.448927
41.448927
41.448911
41.448884
41.448836
41.448836
41.448819
41.448819
41.448818
41.448818
41.448795
41.448789
41.448777
41.448770
41.448727
41.448722
41.448719
41.448717
41.448716
41.448711
41.448705
41.448694
41.448659
41.448648
41.448642
41.448630
41.448617
41.448587
41.448567
41.448539
41.448527
41.448475
41.448474
41.448474
41.448467
41.448450
41.448450
41.448444
41.448440
41.448431
41.448424
41.448424
41.448419
41.448395
41.448392
41.448380
41.448372
41.448359
41.448350
41.448344
41.448333
41.448320
41.448320
41.448312
41.448309
41.448294
41.448294
41.448275
41.448275
41.448267
41.448259
41.448242
41.448233
41.448225
41.448217
41.448198
41.448191
41.448184
41.448181
41.448162
41.448110
41.448100
41.448092
41.448068
41.448067
41.448050
41.448044
41.448035
41.448026
41.448000
41.447998
41.447993
41.447970
41.447967
41.447956
41.447952
41.447934
41.447930
41.447914
41.447899
41.447898
41.447891
41.447877
41.447869
41.447862
41.447838
41.447833
41.447824
41.447821
41.447821
41.447820
41.447792
41.447750
41.447732
41.447705
41.447696
41.447677
41.447665
41.447661
41.447644
41.447634
41.447628
41.447625
41.447605
41.447605
41.447602
41.447597
41.447592
41.447587
41.447573
41.447567
41.447556
41.447554
41.447542
41.447539
41.447531
41.447531
41.447531
41.447531
41.447531
41.447513
41.447498
41.447497
41.447495
41.447494
41.447486
41.447483
41.447476
41.447466
41.447457
41.447455
41.447453
41.447452
41.447445
41.447430
41.447427
41.447420
41.447410
41.447406
41.447406
41.447395
41.447384
41.447364
41.447355
41.447353
41.447352
41.447349
41.447326
41.447326
41.447324
41.447314
41.447310
41.447310
41.447300
41.447300
41.447296
41.447296
41.447289
41.447283
41.447280
41.447271
41.447262
41.447257
41.447239
41.447231
41.447216
41.447211
41.447196
41.447190
41.447189
41.447162
41.447152
41.447150
41.447140
41.447139
41.447136
41.447127
41.447126
41.447121
41.447094
41.447092
41.447088
41.447087
41.447067
41.447063
41.447060
41.447041
41.447030
41.447030
41.447028
41.447014
41.447007
41.447001
41.446984
41.446982
41.446966
41.446960
41.446945
41.446936
41.446935
41.446935
41.446927
41.446923
41.446918
41.446902
41.446886
41.446885
41.446873
41.446844
41.446838
41.446829
41.446820
41.446812
41.446808
41.446806
41.446799
41.446798
41.446784
41.446746
41.446728
41.446721
41.446715
41.446712
41.446702
41.446696
41.446681
41.446676
41.446671
41.446669
41.446662
41.446649
41.446648
41.446640
41.446639
41.446634
41.446633
41.446625
41.446624
41.446613
41.446611
41.446594
41.446593
41.446582
41.446581
41.446581
41.446579
41.446575
41.446572
41.446552
41.446540
41.446538
41.446532
41.446532
41.446532
41.446532
41.446532
41.446532
41.446532
41.446532
41.446532
41.446532
41.446532
41.446532
41.446532
41.446532
41.446532
41.446532
41.446532
41.446532
41.446532
41.446532
41.446532
41.446532
41.446532
41.446532
41.446532
41.446532
41.446532
41.446532
41.446532
41.446532
41.446532
41.446532
41.446532
41.446532
41.446532
41.446532
41.446532
41.446532
41.446532
41.446532
41.446532
41.446532
41.446532
41.446532
41.446532
41.446532
41.446532
41.446532
41.446532
41.446532
41.446532
41.446532
41.446532
41.446532
41.446532
41.446532
41.446532
41.446532
41.446532
41.446532
41.446532
41.446532
41.446532
41.446532
41.446532
41.446532
41.446532
41.446532
41.446532
41.446532
41.446532
41.446532
41.446532
41.446532
41.446532
41.446532
41.446532
41.446532
41.446532
41.446532
41.446532
41.446532
41.446532
41.446532
41.446532
41.446532
41.446532
41.446532
41.446532
41.446532
41.446532
41.446532
41.446532
41.446532
41.446532
41.446532
41.446532
41.446532
41.446532
41.446532
41.446532
41.446532
41.446532
41.446532
41.446532
41.446532
41.446532
41.446532
41.446532
41.446532
41.446532
41.446532
41.446532
41.446532
41.446532
41.446532
41.446532
41.446532
41.446532
41.446532
41.446532
41.446532
41.446532
41.446532
41.446532
41.446532
41.446532
41.446532
41.446532
41.446532
41.446532
41.446532
41.446532
41.446532
41.446532
41.446532
41.446532
41.446532
41.446532
41.446532
41.446532
41.446532
41.446532
41.446532
41.446532
41.446532
41.446532
41.446532
41.446532
41.446532
41.446532
41.446532
41.446532
41.446532
41.446532
41.446532
41.446532
41.446532
41.446532
41.446532
41.446532
41.446532
41.446532
41.446532
41.446532
41.446532
41.446532
41.446532
41.446532
41.446532
41.446532
41.446532
41.446532
41.446532
41.446532
41.446532
41.446532
41.446532
41.446532
41.446532
41.446532
41.446532
41.446532
41.446532
41.446532
41.446532
41.446532
41.446532
41.446532
41.446532
41.446532
41.446532
41.446532
41.446532
41.446532
41.446532
41.446532
41.446532
41.446532
41.446532
41.446532
41.446532
41.446532
41.446532
41.446532
41.446532
41.446532
41.446532
41.446532
41.446532
41.446532
41.446532
41.446532
41.446532
41.446532
41.446532
41.446532
41.446532
41.446532
41.446532
41.446532
41.446532
41.446532
41.446532
41.446532
41.446532
41.446532
41.446532
41.446532
41.446532
41.446532
41.446532
41.446532
41.446532
41.446532
41.446532
41.446532
41.446532
41.446532
41.446532
41.446532
41.446532
41.446532
41.446532
41.446532
41.446532
41.446532
41.446532
41.446532
41.446532
41.446532
41.446532
41.446532
41.446532
41.446532
41.446532
41.446532
41.446532
41.446532
41.446532
41.446532
41.446532
41.446532
41.446532
41.446532
41.446532
41.446532
41.446532
41.446532
41.446532
41.446532
41.446532
41.446532
41.446532
41.446532
41.446532
41.446532
41.446532
41.446532
41.446532
41.446532
41.446532
41.446532
41.446532
41.446532
41.446532
41.446532
41.446532
41.446532
41.446532
41.446532
41.446532
41.446532
41.446532
41.446532
41.446532
41.446532
41.446532
41.446532
41.446532
41.446532
41.446532
41.446532
41.446532
41.446532
41.446532
41.446532
41.446532
41.446532
41.446532
41.446532
41.446532
41.446532
41.446532
41.446532
41.446532
41.446532
41.446532
41.446532
41.446532
41.446532
41.446532
41.446532
41.446532
41.446532
41.446532
41.446532
41.446532
41.446532
41.446532
41.446532
41.446532
41.446532
41.446532
41.446532
41.446532
41.446532
41.446532
41.446532
41.446532
41.446532
41.446532
41.446532
41.446532
41.446532
41.446532
41.446532
41.446532
41.446532
41.446532
41.446532
41.446532
41.446532
41.446532
41.446532
41.446532
41.446532
41.446532
41.446532
41.446532
41.446532
41.446532
41.446532
41.446532
41.446532
41.446532
41.446532
41.446532
41.446532
41.446532
41.446532
41.446532
41.446532
41.446532
41.446532
41.446532
41.446532
41.446532
41.446532
41.446532
41.446532
41.446532
41.446532
41.446532
41.446532
41.446532
41.446532
41.446532
41.446532
41.446532
41.446532
41.446532
41.446532
41.446532
41.446532
41.446532
41.446532
41.446532
41.446532
41.446532
41.446532
41.446532
41.446532
41.446532
41.446532
41.446532
41.446532
41.446532
41.446532
41.446532
41.446532
41.446532
41.446532
41.446532
41.446532
41.446532
41.446532
41.446532
41.446532
41.446532
41.446532
41.446532
41.446532
41.446532
41.446532
41.446532
41.446532
41.446532
41.446532
41.446532
41.446532
41.446532
41.446532
41.446532
41.446532
41.446532
41.446532
41.446532
41.446532
41.446532
41.446532
41.446532
41.446532
41.446532
41.446532
41.446532
41.446532
41.446532
41.446532
41.446532
41.446532
41.446532
41.446532
41.446532
41.446532
41.446532
41.446532
41.446532
41.446532
41.446532
41.446532
41.446532
41.446532
41.446532
41.446532
41.446532
41.446532
41.446532
41.446532
41.446532
41.446532
41.446532
41.446532
41.446532
41.446532
41.446532
41.446532
41.446532
41.446532
41.446532
41.446532
41.446532
41.446532
41.446532
41.446532
41.446532
41.446532
41.446532
41.446532
41.446532
41.446532
41.446532
41.446532
41.446532
41.446532
41.446532
41.446532
41.446532
41.446532
41.446532
41.446532
41.446532
41.446532
41.446532
41.446532
41.446532
41.446532
41.446532
41.446532
41.446532
41.446532
41.446532
41.446532
41.446532
41.446532
41.446532
41.446532
41.446532
41.446532
41.446532
41.446532
41.446532
41.446532
41.446532
41.446532
41.446532
41.446532
41.446532
41.446532
41.446532
41.446532
41.446532
41.446532
41.446532
41.446532
41.446532
41.446532
41.446532
41.446532
41.446532
41.446532
41.446532
41.446532
41.446532
41.446532
41.446532
41.446532
41.446532
41.446532
41.446532
41.446532
41.446532
41.446532
41.446532
41.446532
41.446532
41.446532
41.446532
41.446532
41.446532
41.446532
41.446532
41.446532
41.446532
41.446532
41.446532
41.446532
41.446532
41.446532
41.446532
41.446532
41.446532
41.446532
41.446532
41.446532
41.446532
41.446532
41.446532
41.446532
41.446532
41.446532
41.446532
41.446532
41.446532
41.446532
41.446532
41.446532
41.446532
41.446532
41.446532
41.446532
41.446532
41.446532
41.446532
41.446532
41.446532
41.446532
41.446532
41.446532
41.446532
41.446532
41.446532
41.446532
41.446532
41.446532
41.446532
41.446532
41.446532
41.446532
41.446532
41.446532
41.446532
41.446532
41.446532
41.446532
41.446532
41.446532
41.446532
41.446532
41.446532
41.446532
41.446532
41.446532
41.446532
41.446532
41.446532
41.446532
41.446532
41.446532
41.446532
41.446532
41.446532
41.446532
41.446532
41.446532
41.446532
41.446532
41.446532
41.446532
41.446532
41.446532
41.446532
41.446532
41.446532
41.446532
41.446532
41.446532
41.446532
41.446532
41.446532
41.446532
41.446532
41.446532
41.446532
41.446532
41.446532
41.446532
41.446532
41.446532
41.446532
41.446532
41.446532
41.446532
41.446532
41.446532
41.446532
41.446532
41.446532
41.446532
41.446532
41.446532
41.446532
41.446532
41.446532
41.446532
41.446532
41.446532
41.446532
41.446532
41.446532
41.446532
41.446532
41.446532
41.446532
41.446532
41.446532
41.446532
41.446532
41.446532
41.446532
41.446532
41.446532
41.446532
41.446532
41.446532
41.446532
41.446532
41.446532
41.446532
41.446532
41.446532
41.446532
41.446532
41.446532
41.446532
41.446532
41.446532
41.446532
41.446532
41.446532
41.446532
41.446532
41.446532
41.446532
41.446532
41.446532
41.446532
41.446532
41.446532
41.446532
41.446532
41.446532
41.446532
41.446532
41.446532
41.446532
41.446532
41.446532
41.446532
41.446532
41.446532
41.446532
41.446532
41.446532
41.446532
41.446532
41.446532
41.446532
41.446532
41.446532
41.446532
41.446532
41.446532
41.446532
41.446532
41.446532
41.446532
41.446532
41.446532
41.446532
41.446532
41.446532
41.446532
41.446532
41.446532
41.446532
41.446532
41.446532
41.446532
41.446532
41.446532
41.446532
41.446532
41.446532
41.446532
41.446532
41.446532
41.446532
41.446532
41.446532
41.446532
41.446532
41.446532
41.446532
41.446532
41.446532
41.446532
41.446532
41.446532
41.446532
41.446532
41.446532
41.446532
41.446532
41.446532
41.446532
41.446532
41.446532
41.446532
41.446532
41.446532
41.446532
41.446532
41.446532
41.446532
41.446532
41.446532
41.446532
41.446532
41.446532
41.446532
41.446532
41.446532
41.446532
41.446532
41.446532
41.446532
41.446532
41.446532
41.446532
41.446532
41.446532
41.446532
41.446532
41.446532
41.446532
41.446532
41.446532
41.446532
41.446532
41.446532
41.446532
41.446532
41.446532
41.446532
41.446532
41.446532
41.446532
41.446532
41.446532
41.446532
41.446532
41.446532
41.446532
41.446532
41.446532
41.446532
41.446532
41.446532
41.446532
41.446532
41.446532
41.446532
41.446532
41.446532
41.446532
41.446532
41.446532
41.446532
41.446532
41.446532
41.446532
41.446532
41.446532
41.446532
41.446532
41.446532
41.446532
41.446532
41.446532
41.446532
41.446532
41.446532
41.446532
41.446532
41.446532
41.446532
41.446532
41.446532
41.446532
41.446532
41.446532
41.446532
41.446532
41.446532
41.446532
41.446532
41.446532
41.446532
41.446532
41.446532
41.446532
41.446532
41.446532
41.446532
41.446532
41.446532
41.446532
41.446532
41.446532
41.446532
41.446532
41.446532
41.446532
41.446532
41.446532
41.446532
41.446532
41.446532
41.446532
41.446532
41.446532
41.446532
41.446532
41.446532
41.446532
41.446532
41.446532
41.446532
41.446532
41.446532
41.446532
41.446532
41.446532
41.446532
41.446532
41.446532
41.446532
41.446532
41.446532
41.446532
41.446532
41.446532
41.446532
41.446532
41.446532
41.446532
41.446532
41.446532
41.446532
41.446532
41.446532
41.446532
41.446532
41.446532
41.446532
41.446532
41.446532
41.446532
41.446532
41.446532
41.446532
41.446532
41.446532
41.446532
41.446532
41.446532
41.446532
41.446532
41.446532
41.446532
41.446532
41.446532
41.446532
41.446532
41.446532
41.446532
41.446532
41.446532
41.446532
41.446532
41.446532
41.446532
41.446532
41.446532
41.446532
41.446532
41.446532
41.446532
41.446532
41.446532
41.446532
41.446532
41.446532
41.446532
41.446532
41.446532
41.446532
41.446532
41.446532
41.446532
41.446532
41.446532
41.446532
41.446532
41.446532
41.446532
41.446532
41.446532
41.446532
41.446532
41.446532
41.446532
41.446532
41.446532
41.446532
41.446532
41.446532
41.446532
41.446532
41.446532
41.446532
41.446532
41.446532
41.446532
41.446532
41.446532
41.446532
41.446532
41.446532
41.446532
41.446532
41.446532
41.446532
41.446532
41.446532
41.446532
41.446532
41.446532
41.446532
41.446532
41.446532
41.446532
41.446532
41.446532
41.446532
41.446532
41.446532
41.446532
41.446532
41.446532
41.446532
41.446532
41.446532
41.446532
41.446532
41.446532
41.446532
41.446532
41.446532
41.446532
41.446532
41.446532
41.446532
41.446532
41.446532
41.446532
41.446532
41.446532
41.446532
41.446532
41.446532
41.446532
41.446532
41.446532
41.446532
41.446532
41.446532
41.446532
41.446532
41.446532
41.446532
41.446532
41.446532
41.446532
41.446532
41.446532
41.446532
41.446532
41.446532
41.446532
41.446532
41.446532
41.446532
41.446532
41.446532
41.446532
41.446532
41.446532
41.446532
41.446532
41.446532
41.446532
41.446532
41.446532
41.446532
41.446532
41.446532
41.446532
41.446532
41.446532
41.446532
41.446532
41.446532
41.446532
41.446532
41.446532
41.446532
41.446532
41.446532
41.446532
41.446532
41.446532
41.446532
41.446532
41.446532
41.446532
41.446532
41.446532
41.446532
41.446532
41.446532
41.446532
41.446532
41.446532
41.446532
41.446532
41.446532
41.446532
41.446532
41.446532
41.446532
41.446532
41.446532
41.446532
41.446532
41.446532
41.446532
41.446532
41.446532
41.446532
41.446532
41.446532
41.446532
41.446532
41.446532
41.446532
41.446532
41.446532
41.446532
41.446532
41.446532
41.446532
41.446532
41.446532
41.446532
41.446532
41.446532
41.446532
41.446532
41.446532
41.446532
41.446507
41.446506
41.446475
41.446453
41.446449
41.446441
41.446439
41.446432
41.446414
41.446404
41.446394
41.446335
41.446330
41.446329
41.446296
41.446291
41.446259
41.446245
41.446245
41.446224
41.446203
41.446172
41.446170
41.446170
41.446134
41.446132
41.446132
41.446120
41.446014
41.445983
41.445964
41.445947
41.445912
41.445904
41.445899
41.445875
41.445837
41.445822
41.445822
41.445815
41.445759
41.445721
41.445696
41.445670
41.445659
41.445655
41.445610
41.445545
41.445531
41.445531
41.445512
41.445435
41.445424
41.445381
41.445372
41.445366
41.445354
41.445271
41.445244
41.445184
41.445180
41.445115
41.445022
41.445013
41.444991
41.444931
41.444922
41.444917
41.444855
41.444767
41.444729
41.444645
41.444634
41.444604
41.444575
41.444575
41.444563
41.444557
41.444540
41.444530
41.444149
41.444058
41.443527
41.442524
41.442524
41.442423
41.442195
41.441519
41.441519
41.441519
41.441519
41.441519
41.441519
41.441519
41.441519
41.441519
41.441519
41.441519
41.441519
41.441519
41.441519
41.441519
41.441519
41.441519
41.441519
41.441519
41.441519
41.441519
41.441519
41.441519
41.441519
41.441519
41.441519
41.441519
41.441519
41.441519
41.441519
41.441519
41.440514
41.440514
41.440514
41.440514
41.440514
41.440514
41.440514
41.436581
41.436481
41.436481
41.436481
41.436481
41.436481
41.436481
41.436481
41.436481
41.436481
41.436481
41.436481
41.436481
41.436481
41.436481
41.436481
41.436481
41.436481
41.436481
41.436481
41.436481
41.436481
41.436481
41.436481
41.436481
41.436481
41.436481
41.436481
41.436481
41.436481
41.436481
41.436481
41.436481
41.436481
41.436481
41.436481
41.436481
41.436481
41.436481
41.436481
41.436481
41.436481
41.436481
41.436481
41.436481
41.436481
41.436481
41.436481
41.436481
41.436481
41.436481
41.436481
41.436481
41.436481
41.436481
41.436481
41.436481
41.436481
41.436481
41.436481
41.436481
41.436481
41.436481
41.436481
41.436481
41.436481
41.436481
41.436481
41.436481
41.436481
41.436481
41.436481
41.436481
41.436481
41.436481
41.436481
41.436481
41.436481
41.436481
41.436481
41.436481
41.436481
41.436481
41.436481
41.436481
41.436481
41.436481
41.436481
41.436481
41.436481
41.436481
41.436481
41.436481
41.436481
41.436481
41.436481
41.436481
41.436481
41.436481
41.436481
41.436481
41.436481
41.436481
41.436481
41.436481
41.436481
41.436481
41.436481
41.436481
41.435870
41.435747
41.435471
41.435446
41.435434
41.435429
41.435303
41.434459
41.434100
41.433735
41.432191
41.431935
41.431229
41.429771
41.429724
41.428863
41.426518
41.426329
41.426329
41.426329
41.426329
41.426329
41.426329
41.426329
41.426329
41.426329
41.426329
41.426329
41.426329
41.426329
41.426329
41.426329
41.426329
41.426329
41.426329
41.426329
41.426329
41.426329
41.426329
41.426329
41.426329
41.426329
41.426329
41.426329
41.426329
41.426329
41.426329
41.426329
41.426329
41.426329
41.426329
41.426329
41.426329
41.426329
41.426329
41.426329
41.426329
41.426329
41.426329
41.426329
41.426329
41.426329
41.426329
41.426329
41.426329
41.426329
41.426329
41.426329
41.426329
41.426329
41.426329
41.426329
41.426329
41.426329
41.426329
41.426329
41.426329
41.426329
41.426329
41.426329
41.426329
41.426329
41.426329
41.426329
41.426329
41.426329
41.426329
41.426329
41.426329
41.426329
41.426329
41.426329
41.426329
41.426329
41.426329
41.426329
41.426329
41.426329
41.426329
41.426329
41.426329
41.426329
41.426329
41.426329
41.426329
41.426329
41.426329
41.426329
41.426329
41.426329
41.426329
41.426329
41.426329
41.426329
41.426329
41.426329
41.426329
41.426329
41.426329
41.426329
41.426329
41.426329
41.426329
41.426329
41.426329
41.426329
41.426329
41.426329
41.426329
41.426329
41.426329
41.426329
41.426329
41.426329
41.426329
41.426329
41.426329
41.426329
41.426329
41.426329
41.426329
41.426329
41.426329
41.426329
41.426329
41.426329
41.426329
41.426329
41.426329
41.426329
41.426329
41.426329
41.426329
41.426329
41.426329
41.426329
41.426329
41.426329
41.426329
41.426329
41.426329
41.426329
41.426329
41.426329
41.426329
41.426329
41.426329
41.426329
41.426329
41.426329
41.426329
41.426329
41.426329
41.426329
41.426329
41.426329
41.426329
41.426329
41.426329
41.426329
41.426329
41.426329
41.426329
41.426329
41.426329
41.426329
41.426329
41.426329
41.426329
41.426329
41.426329
41.426329
41.426329
41.426329
41.426329
41.426329
41.426329
41.426329
41.426329
41.426329
41.426329
41.426329
41.426329
41.426329
41.426329
41.426329
41.426329
41.426329
41.426329
41.426329
41.426329
41.426329
41.426329
41.426329
41.426329
41.426329
41.426329
41.426329
41.426329
41.426329
41.426329
41.426329
41.426329
41.426329
41.426329
41.426329
41.426329
41.426329
41.426329
41.426329
41.426329
41.426329
41.426329
41.426329
41.426329
41.426329
41.426329
41.426329
41.426329
41.426329
41.426329
41.426329
41.426329
41.426329
41.426329
41.426329
41.426329
41.426329
41.426329
41.426329
41.426329
41.426329
41.426329
41.426329
41.426329
41.426329
41.426329
41.426329
41.426329
41.426329
41.426329
41.426329
41.426329
41.426329
41.426329
41.426329
41.426329
41.426329
41.426329
41.426329
41.426329
41.426329
41.426329
41.426329
41.426329
41.426329
41.426329
41.426329
41.426229
41.426195
41.426012
41.425929
41.425729
41.424981
41.424972
41.424712
41.424286
41.424286
41.423994
41.423877
41.423812
41.423702
41.422846
41.422564
41.422206
41.421316
41.420188
41.419574
41.417103
41.416072
41.416072
41.416072
41.416072
41.416072
41.416072
41.416072
41.416072
41.416072
41.416072
41.416072
41.416072
41.416072
41.415219
41.413225
41.411422
41.410904
41.409842
41.409582
41.407311
41.406813
41.405710
41.405710
41.405710
41.405710
41.405710
41.405710
41.405710
41.405710
41.405710
41.405710
41.402711
41.402178
41.400896
41.400342
41.397630
41.397094
41.395247
41.395238
41.395238
41.395238
41.395238
41.395238
41.395238
41.395238
41.395238
41.395238
41.395238
41.395238
41.395238
41.395238
41.395238
41.395238
41.395238
41.395238
41.395238
41.395238
41.395238
41.395238
41.395238
41.395238
41.394309
41.392656
41.392634
41.392394
41.392048
41.390865
41.390625
41.389961
41.389951
41.388108
41.387912
41.387870
41.385547
41.385257
41.384954
41.384656
41.384656
41.384656
41.384656
41.383711
41.383592
41.382480
41.382343
41.381993
41.379719
41.379646
41.379476
41.377711
41.375970
41.375664
41.375036
41.373961
41.373961
41.373371
41.372896
41.372159
41.371958
41.371662
41.371662
41.371662
41.371662
41.371662
41.371662
41.371662
41.371662
41.371662
41.371311
41.366287
41.365749
41.365358
41.364833
41.364236
41.364236
41.363150
41.362027
41.361758
41.361618
41.361544
41.360856
41.360808
41.359004
41.358644
41.357086
41.357086
41.357086
41.357086
41.357086
41.357086
41.357086
41.357086
41.356882
41.356311
41.354973
41.354834
41.354660
41.353785
41.352738
41.352221
41.352221
41.352221
41.352147
41.348383
41.347684
41.347592
41.346711
41.346336
41.345986
41.345098
41.343730
41.342697
41.342697
41.342374
41.342347
41.341646
41.341171
41.341171
41.341171
41.341171
41.341171
41.341171
41.341171
41.341171
41.341171
41.341171
41.341171
41.341171
41.341171
41.341171
41.341171
41.341171
41.341171
41.341171
41.341171
41.341171
41.341171
41.341171
41.341171
41.341171
41.341171
41.341171
41.341171
41.341171
41.341171
41.341171
41.341171
41.341171
41.341171
41.341171
41.341171
41.341171
41.341171
41.341171
41.341171
41.341171
41.341171
41.341171
41.341171
41.341171
41.338918
41.338390
41.336935
41.336923
41.335600
41.335001
41.334064
41.331121
41.330919
41.330919
41.330919
41.330919
41.330919
41.330919
41.330919
41.330919
41.330919
41.330919
41.330919
41.330919
41.330919
41.330919
41.330919
41.330919
41.330919
41.330919
41.330919
41.330919
41.330919
41.330919
41.330919
41.330919
41.330746
41.329998
41.329998
41.329998
41.329998
41.329998
41.327697
41.324072
41.321618
41.318698
41.318698
41.318698
41.317914
41.313372
41.312455
41.311767
41.311304
41.311170
41.310712
41.309759
41.309033
41.308621
41.307612
41.307364
41.307270
41.307270
41.307270
41.306448
41.305005
41.304600
41.304555
41.303815
41.295764
41.295709
41.295709
41.294545
41.294134
41.294001
41.293680
41.293320
41.292782
41.291427
41.290071
41.289878
41.289878
41.289878
41.289878
41.289878
41.289387
41.288738
41.287043
41.287018
41.285234
41.284349
41.284013
41.284013
41.284013
41.284013
41.284013
41.284013
41.283716
41.283383
41.283365
41.282047
41.281060
41.280389
41.280335
41.278033
41.277261
41.276589
41.275378
41.273376
41.273140
41.272178
41.272178
41.272178
41.271256
41.269810
41.269557
41.269198
41.267474
41.266807
41.266407
41.266208
41.265091
41.264469
41.264095
41.263661
41.263408
41.262632
41.260202
41.259166
41.258862
41.258043
41.254976
41.254795
41.254381
41.253889
41.253879
41.253879
41.252461
41.252461
41.252461
41.252427
41.250737
41.248803
41.248803
41.248081
41.248081
41.248081
41.245651
41.244391
41.243607
41.243607
41.243607
41.243607
41.243607
41.243607
41.243607
41.243607
41.243607
41.243607
41.243302
41.242873
41.242091
41.241560
41.241135
41.240573
41.240469
41.239656
41.239577
41.239195
41.239171
41.238285
41.235811
41.235811
41.235811
41.235811
41.235811
41.235561
41.233497
41.231628
41.230130
41.226753
41.226143
41.225008
41.224901
41.224533
41.223451
41.223407
41.223388
41.223388
41.223388
41.223388
41.223388
41.223388
41.223388
41.223388
41.223388
41.223388
41.223388
41.223388
41.223162
41.222051
41.221127
41.219531
41.218543
41.218069
41.216514
41.216303
41.216100
41.211836
41.210968
41.210929
41.209964
41.209181
41.207640
41.207279
41.205680
41.202935
41.202885
41.202451
41.200852
41.200710
41.200690
41.200004
41.199976
41.197338
41.196787
41.196610
41.195741
41.194996
41.194817
41.194792
41.192129
41.191989
41.191672
41.189034
41.188127
41.186057
41.185167
41.185167
41.181684
41.177003
41.174915
41.174915
41.174069
41.172095
41.172095
41.172095
41.172095
41.171919
41.169199
41.166161
41.165999
41.165715
41.163678
41.163665
41.163665
41.163665
41.163665
41.163665
41.163665
41.163665
41.163665
41.163311
41.162591
41.161845
41.161832
41.160033
41.158929
41.158850
41.158850
41.158850
41.158850
41.158850
41.158850
41.158850
41.158850
41.158850
41.158850
41.158850
41.158850
41.158850
41.158850
41.158850
41.158850
41.158089
41.156179
41.154740
41.154109
41.153891
41.151921
41.151709
41.151704
41.151648
41.150104
41.145957
41.145427
41.145157
41.144045
41.143035
41.142783
41.142773
41.140189
41.138305
41.136076
41.135598
41.134904
41.134509
41.134315
41.132893
41.131821
41.131821
41.129207
41.129077
41.126880
41.126049
41.125339
41.122822
41.122013
41.121804
41.120347
41.120347
41.118028
41.118028
41.117806
41.115737
41.115668
41.115238
41.114849
41.113822
41.113822
41.113637
41.113629
41.109968
41.108978
41.108033
41.104041
41.104041
41.104041
41.104041
41.102497
41.101576
41.101534
41.099853
41.099586
41.098078
41.095555
41.095284
41.094750
41.092244
41.091520
41.089857
41.089857
41.089857
41.089857
41.089857
41.089857
41.089857
41.089857
41.089857
41.089857
41.089857
41.089857
41.089857
41.089857
41.089857
41.089857
41.089857
41.089457
41.089457
41.089457
41.089457
41.089457
41.089457
41.089457
41.089457
41.089457
41.089457
41.089288
41.085496
41.083690
41.080201
41.079806
41.078807
41.078226
41.077900
41.076776
41.075468
41.075468
41.075468
41.073437
41.073333
41.070688
41.068257
41.068195
41.067282
41.066789
41.063539
41.061307
41.060869
41.060869
41.059452
41.058598
41.053589
41.053042
41.052804
41.052248
41.051372
41.049531
41.049435
41.048544
41.048544
41.048081
41.047730
41.047645
41.046054
41.044843
41.044743
41.043420
41.043315
41.042219
41.041593
41.041183
41.041067
41.040878
41.040738
41.039369
41.038563
41.038563
41.036094
41.033479
41.032314
41.031016
41.028910
41.027531
41.027403
41.026381
41.025215
41.024424
41.023872
41.023487
41.021748
41.020764
41.020614
41.020614
41.020614
41.020614
41.020614
41.020614
41.020614
41.020614
41.020614
41.020614
41.020614
41.020614
41.020614
41.020614
41.020614
41.020614
41.020614
41.020614
41.020614
41.020614
41.020614
41.020614
41.020614
41.020614
41.020614
41.020614
41.020614
41.020614
41.020614
41.020614
41.020614
41.020614
41.020614
41.020614
41.020614
41.020614
41.020614
41.020614
41.020614
41.020614
41.020614
41.020614
41.020614
41.020614
41.020614
41.020614
41.019480
41.018663
41.017806
41.017405
41.016917
41.016578
41.015749
41.015749
41.015749
41.015749
41.015749
41.015590
41.014284
41.012667
41.009540
41.008769
41.008190
41.007668
41.007499
41.007116
41.005898
41.004615
41.003597
41.002538
41.001725
40.998527
40.994600
40.994014
40.993095
40.992637
40.991013
40.990194
40.986811
40.985924
40.985478
40.984496
40.984496
40.984496
40.984496
40.983044
40.982726
40.982030
40.979290
40.978502
40.978391
40.977334
40.976528
40.976528
40.976465
40.972879
40.972754
40.972581
40.971991
40.969931
40.968799
40.968496
40.968496
40.968496
40.968212
40.966985
40.966959
40.966555
40.966196
40.966196
40.966196
40.966196
40.966196
40.965871
40.965661
40.962282
40.961967
40.960673
40.960265
40.959043
40.956325
40.956325
40.956325
40.956325
40.956325
40.956325
40.956325
40.956325
40.956325
40.956325
40.956325
40.956325
40.956325
40.956325
40.956325
40.956325
40.956325
40.956325
40.956325
40.956325
40.956325
40.956325
40.956325
40.956325
40.956325
40.956325
40.956325
40.956325
40.955772
40.952654
40.952235
40.952235
40.952235
40.952187
40.951835
40.950255
40.949185
40.948868
40.948051
40.947160
40.946105
40.945142
40.945117
40.944750
40.944690
40.943089
40.942591
40.942351
40.942185
40.941121
40.940028
40.939555
40.939543
40.935706
40.935706
40.935706
40.935706
40.935706
40.935706
40.935706
40.935706
40.935706
40.935706
40.935706
40.935706
40.935706
40.935706
40.935706
40.935706
40.935706
40.935706
40.935706
40.935706
40.935706
40.935122
40.935007
40.934644
40.933758
40.933445
40.933200
40.932670
40.932050
40.929533
40.929220
40.929101
40.928009
40.927981
40.926266
40.923688
40.923592
40.921448
40.920241
40.914028
40.913801
40.913387
40.912999
40.912233
40.911611
40.908738
40.907106
40.905362
40.905040
40.901804
40.901091
40.900593
40.898364
40.897814
40.897699
40.896841
40.896485
40.896395
40.896107
40.895727
40.895301
40.895301
40.895301
40.895301
40.895301
40.895301
40.895301
40.895301
40.895301
40.895301
40.895301
40.895301
40.895301
40.895301
40.895301
40.895301
40.895301
40.895301
40.895301
40.895301
40.895301
40.895301
40.895301
40.895301
40.895301
40.895301
40.895301
40.895301
40.895301
40.895301
40.895301
40.895301
40.895301
40.895301
40.895301
40.895301
40.895301
40.895301
40.895301
40.895301
40.895301
40.895301
40.895301
40.895301
40.895301
40.895301
40.895301
40.895301
40.895301
40.895301
40.895301
40.895301
40.895301
40.895301
40.895301
40.895301
40.895301
40.895301
40.895301
40.895301
40.895301
40.895301
40.895301
40.895301
40.895301
40.895301
40.895301
40.895301
40.895301
40.895301
40.895301
40.895301
40.895301
40.895301
40.895301
40.895301
40.895301
40.895301
40.895301
40.895301
40.895301
40.895301
40.895301
40.895301
40.895301
40.895301
40.895301
40.895301
40.895301
40.895301
40.895301
40.895301
40.895301
40.895301
40.895301
40.895301
40.895301
40.895301
40.895301
40.895301
40.895301
40.895301
40.895301
40.895301
40.895301
40.895301
40.895301
40.895301
40.895301
40.895301
40.895301
40.895301
40.895301
40.895301
40.895301
40.895301
40.895301
40.895301
40.895301
40.895301
40.895301
40.895301
40.895301
40.895301
40.895301
40.895301
40.895301
40.895301
40.895301
40.895301
40.895301
40.895301
40.895301
40.895301
40.895301
40.895301
40.895301
40.895301
40.895301
40.895301
40.895301
40.895301
40.895301
40.895301
40.895301
40.895301
40.895301
40.895301
40.895301
40.895301
40.895301
40.895301
40.895301
40.895301
40.895301
40.895301
40.895301
40.895301
40.895301
40.895301
40.895301
40.895301
40.895301
40.895301
40.895301
40.895301
40.895301
40.895301
40.895301
40.895301
40.895301
40.895301
40.895301
40.895301
40.895301
40.895301
40.895301
40.895301
40.895301
40.895301
40.895301
40.895301
40.895301
40.895301
40.895301
40.895301
40.895301
40.895301
40.895301
40.895301
40.895301
40.895301
40.895301
40.895301
40.895301
40.895301
40.895301
40.895301
40.895301
40.895301
40.895301
40.895301
40.895301
40.895301
40.895301
40.895301
40.895301
40.895301
40.895301
40.895301
40.895301
40.895301
40.895301
40.895301
40.895301
40.895301
40.895301
40.895301
40.895301
40.895301
40.895301
40.895301
40.895301
40.895301
40.895301
40.895301
40.895301
40.895301
40.895301
40.895301
40.895301
40.895301
40.895301
40.895301
40.895301
40.895301
40.895301
40.895301
40.895301
40.895301
40.895301
40.895301
40.895301
40.895301
40.895301
40.895301
40.895301
40.895301
40.895301
40.895301
40.895301
40.895301
40.895301
40.895301
40.895301
40.895301
40.895301
40.895301
40.895301
40.895301
40.895301
40.895301
40.895301
40.895301
40.895301
40.895301
40.895301
40.895301
40.895301
40.895301
40.895301
40.895301
40.895301
40.895301
40.895301
40.895301
40.895301
40.895301
40.895301
40.895301
40.895301
40.895301
40.895301
40.895301
40.895301
40.895301
40.895301
40.895301
40.895301
40.895301
40.895301
40.895301
40.895301
40.895301
40.895301
40.895301
40.895301
40.895301
40.895301
40.895301
40.895301
40.895301
40.895301
40.895301
40.895301
40.895301
40.895301
40.895301
40.895301
40.895301
40.895301
40.895301
40.895301
40.895301
40.895301
40.895301
40.895301
40.895301
40.895301
40.895301
40.895301
40.895301
40.895301
40.895301
40.895301
40.895301
40.895301
40.895301
40.895301
40.895301
40.895301
40.895301
40.895301
40.895301
40.895301
40.895301
40.895301
40.895301
40.895301
40.895301
40.895301
40.895301
40.895301
40.895301
40.895301
40.895301
40.895301
40.895301
40.895301
40.895301
40.895301
40.895301
40.895301
40.895301
40.895301
40.895301
40.895301
40.895301
40.895301
40.895301
40.895301
40.895301
40.895301
40.895301
40.895301
40.895301
40.895301
40.895301
40.895301
40.895301
40.895301
40.895301
40.895301
40.895301
40.895301
40.895301
40.895301
40.895301
40.895301
40.895301
40.895301
40.895301
40.895301
40.895301
40.895301
40.895301
40.895301
40.895301
40.895301
40.895301
40.895301
40.895301
40.895301
40.895301
40.895301
40.895301
40.895301
40.895301
40.895301
40.895301
40.895301
40.895301
40.895301
40.895301
40.895301
40.895301
40.895301
40.895301
40.895301
40.895301
40.895301
40.895301
40.895301
40.895301
40.895301
40.895301
40.895301
40.894904
40.894826
40.893544
40.893193
40.893172
40.892329
40.891750
40.890458
40.889235
40.888948
40.888454
40.888002
40.886076
40.885962
40.885637
40.885396
40.885287
40.885223
40.884413
40.884413
40.884413
40.884413
40.884413
40.884413
40.884413
40.884413
40.884413
40.881448
40.881296
40.879136
40.877732
40.877370
40.877117
40.874752
40.873114
40.872576
40.872535
40.871949
40.870382
40.869534
40.868997
40.868673
40.867753
40.867021
40.866713
40.866713
40.866266
40.864864
40.864474
40.863405
40.863202
40.855817
40.855817
40.855146
40.851795
40.851402
40.849439
40.849320
40.849086
40.849020
40.848695
40.848695
40.848695
40.848695
40.846092
40.845476
40.845263
40.842307
40.841466
40.841314
40.840875
40.840394
40.838515
40.838442
40.838442
40.838442
40.838442
40.838442
40.838442
40.838442
40.838442
40.838442
40.838442
40.838442
40.838442
40.838442
40.838442
40.838442
40.838442
40.838442
40.837095
40.836778
40.836160
40.834706
40.833806
40.832939
40.832939
40.832318
40.832238
40.832204
40.832115
40.831760
40.831121
40.830346
40.830346
40.830346
40.830346
40.830346
40.830346
40.829270
40.828572
40.827557
40.826292
40.826265
40.824880
40.823733
40.823268
40.821997
40.821043
40.820051
40.819172
40.819061
40.818112
40.815260
40.815041
40.813442
40.813280
40.813024
40.813016
40.813016
40.811653
40.810721
40.808667
40.808497
40.808266
40.807433
40.807236
40.807101
40.807099
40.806929
40.806914
40.806295
40.804391
40.803330
40.803048
40.801930
40.801558
40.801126
40.799691
40.799028
40.798595
40.797611
40.797498
40.796940
40.796761
40.794955
40.794363
40.793711
40.793485
40.793427
40.792605
40.792605
40.792605
40.792603
40.792554
40.792398
40.792050
40.791327
40.791151
40.790566
40.789335
40.789182
40.788752
40.788691
40.788365
40.788021
40.787864
40.786901
40.786379
40.785801
40.785284
40.785189
40.784114
40.784021
40.783941
40.783875
40.783875
40.783875
40.783875
40.783875
40.783875
40.783875
40.783875
40.783875
40.783875
40.783875
40.783875
40.783875
40.783875
40.783875
40.783875
40.783875
40.783875
40.783875
40.783875
40.783875
40.783875
40.783875
40.783875
40.783875
40.783875
40.783875
40.783875
40.783875
40.783875
40.783875
40.783875
40.783875
40.783875
40.783875
40.783875
40.783875
40.783875
40.783875
40.783875
40.783875
40.783875
40.783875
40.783875
40.783875
40.783875
40.783875
40.783875
40.783875
40.783875
40.783875
40.783875
40.783875
40.783875
40.783875
40.783875
40.783875
40.783875
40.783875
40.783875
40.783875
40.783276
40.780361
40.780030
40.779709
40.779574
40.778928
40.778905
40.777878
40.777835
40.777151
40.777058
40.776956
40.776678
40.775642
40.774805
40.774118
40.773916
40.773187
40.773187
40.773187
40.773187
40.773187
40.773141
40.773064
40.772067
40.771178
40.770279
40.770129
40.769481
40.768842
40.768315
40.768282
40.767606
40.767596
40.767430
40.766695
40.766598
40.766530
40.766036
40.765435
40.765033
40.764756
40.764283
40.763237
40.763032
40.762692
40.762373
40.762276
40.761624
40.761373
40.760481
40.759702
40.759533
40.759316
40.759264
40.759086
40.758937
40.758380
40.758026
40.757608
40.757508
40.757490
40.757483
40.757341
40.757045
40.757028
40.757022
40.756951
40.756893
40.756572
40.756065
40.755837
40.755686
40.755622
40.755536
40.755382
40.755038
40.754526
40.753936
40.753531
40.753384
40.753384
40.753384
40.753384
40.753384
40.753384
40.753384
40.753384
40.753384
40.753384
40.753384
40.753384
40.753384
40.753384
40.753384
40.753384
40.753384
40.753384
40.753384
40.753384
40.753384
40.753384
40.753384
40.753384
40.753384
40.753384
40.753384
40.753384
40.753384
40.753384
40.753384
40.753384
40.753384
40.753384
40.753384
40.753384
40.753384
40.753384
40.753384
40.753384
40.753384
40.753384
40.753384
40.753384
40.753384
40.753384
40.753384
40.753384
40.753384
40.753384
40.753384
40.753384
40.753384
40.753384
40.753384
40.753384
40.753384
40.753384
40.753384
40.753384
40.753384
40.753384
40.753384
40.753384
40.753384
40.753384
40.753384
40.753384
40.753384
40.753384
40.753384
40.753384
40.753384
40.753384
40.753384
40.753384
40.753384
40.753384
40.753384
40.753384
40.753384
40.753384
40.753384
40.753384
40.753384
40.753384
40.753384
40.753384
40.753384
40.753384
40.753384
40.753384
40.753384
40.753384
40.753384
40.753384
40.753384
40.753384
40.753384
40.753384
40.753384
40.753384
40.753384
40.753384
40.753384
40.753384
40.753384
40.753384
40.753384
40.753384
40.753384
40.753384
40.753384
40.753384
40.753384
40.753384
40.753384
40.753384
40.753384
40.753384
40.753384
40.753384
40.753384
40.753384
40.753384
40.753384
40.753384
40.753384
40.753384
40.753384
40.753384
40.753384
40.753384
40.753384
40.753384
40.753384
40.753384
40.753384
40.753384
40.753384
40.753384
40.753384
40.753384
40.753384
40.753384
40.753384
40.753384
40.753384
40.753384
40.753384
40.753384
40.753384
40.753384
40.753384
40.753384
40.753384
40.753384
40.753384
40.753384
40.753384
40.753384
40.753384
40.753384
40.753384
40.753384
40.753384
40.753384
40.753384
40.753384
40.753384
40.753384
40.753384
40.753384
40.753384
40.753384
40.753384
40.753384
40.753384
40.753384
40.753384
40.753384
40.753384
40.753384
40.753384
40.753384
40.753384
40.753384
40.753384
40.753384
40.753384
40.753384
40.753384
40.753384
40.753384
40.753384
40.753384
40.753384
40.753384
40.753384
40.753384
40.753384
40.753384
40.753384
40.753384
40.753384
40.753384
40.753384
40.753384
40.753384
40.753384
40.753384
40.753384
40.753384
40.753384
40.753384
40.753384
40.753384
40.753384
40.753384
40.753384
40.753384
40.753384
40.753384
40.753384
40.753384
40.753384
40.753384
40.753384
40.753384
40.753384
40.753384
40.753384
40.753384
40.753384
40.753384
40.753384
40.753384
40.753384
40.753384
40.753384
40.753384
40.753384
40.753384
40.753384
40.753384
40.753384
40.753384
40.753384
40.753384
40.753384
40.753384
40.753384
40.753384
40.753384
40.753384
40.753384
40.753384
40.753384
40.753384
40.753384
40.753384
40.753384
40.753384
40.753384
40.753384
40.753384
40.753384
40.753384
40.753384
40.753384
40.753384
40.753384
40.753384
40.753384
40.753384
40.753384
40.753384
40.753384
40.753384
40.753384
40.753384
40.753384
40.753384
40.753384
40.753384
40.753384
40.753384
40.753384
40.753384
40.753384
40.753384
40.753384
40.753384
40.753384
40.753384
40.753384
40.753384
40.753384
40.753384
40.753384
40.753384
40.753384
40.753384
40.753384
40.753384
40.753384
40.753384
40.753384
40.753384
40.753384
40.753384
40.753384
40.753384
40.753384
40.753384
40.753384
40.753384
40.753384
40.753384
40.753384
40.753384
40.753384
40.753384
40.753384
40.753384
40.753384
40.753384
40.753384
40.753384
40.753384
40.753384
40.753384
40.753384
40.753384
40.753384
40.753384
40.753384
40.753384
40.753384
40.753384
40.753384
40.753384
40.753384
40.753384
40.753384
40.753384
40.753384
40.753384
40.753384
40.753384
40.753384
40.753384
40.753384
40.753384
40.753384
40.753384
40.753384
40.753384
40.753384
40.753384
40.753384
40.753384
40.753384
40.753384
40.753384
40.753384
40.753384
40.753384
40.753384
40.753384
40.753384
40.753384
40.753384
40.753384
40.753384
40.753384
40.753384
40.753384
40.753384
40.753384
40.753384
40.753384
40.753384
40.753384
40.753384
40.753384
40.753384
40.753384
40.753384
40.753384
40.753384
40.753384
40.753384
40.753384
40.753384
40.753384
40.753384
40.753384
40.753384
40.753384
40.753384
40.753384
40.753384
40.753384
40.753384
40.753384
40.753384
40.753384
40.753384
40.753384
40.753384
40.753384
40.753384
40.753384
40.753384
40.753384
40.753384
40.753384
40.753384
40.753384
40.753384
40.753384
40.753384
40.753384
40.753384
40.753384
40.753384
40.753384
40.753384
40.753384
40.753384
40.753384
40.753384
40.753384
40.753384
40.753384
40.753384
40.753384
40.753384
40.753384
40.753384
40.753384
40.753384
40.753384
40.753384
40.753384
40.753384
40.753384
40.753384
40.753384
40.753384
40.753384
40.753384
40.753384
40.753384
40.753384
40.753384
40.753384
40.753384
40.753384
40.753384
40.753384
40.753384
40.753384
40.753384
40.753384
40.753384
40.753384
40.753384
40.753384
40.753384
40.753384
40.753384
40.753384
40.753384
40.753384
40.753384
40.753384
40.753384
40.753384
40.753384
40.753384
40.753384
40.753384
40.753384
40.753384
40.753384
40.753384
40.753384
40.753384
40.753384
40.753384
40.753384
40.753384
40.753384
40.753384
40.753384
40.753384
40.753384
40.753384
40.753384
40.753384
40.753384
40.753384
40.753384
40.753384
40.753384
40.753384
40.753384
40.753384
40.753384
40.753384
40.753384
40.753384
40.753384
40.753384
40.753384
40.753384
40.753384
40.753384
40.753384
40.753384
40.753384
40.753384
40.753384
40.753384
40.753284
40.753006
40.752843
40.752545
40.752523
40.752496
40.752476
40.752054
40.751955
40.751792
40.751334
40.751260
40.750893
40.747724
40.747494
40.747187
40.746923
40.745774
40.744853
40.744853
40.743626
40.743334
40.743334
40.743334
40.743334
40.741312
40.741081
40.740696
40.738834
40.737493
40.736824
40.736377
40.736290
40.735227
40.735199
40.734923
40.734777
40.733511
40.733510
40.733182
40.733182
40.733182
40.733182
40.733182
40.733182
40.733182
40.733182
40.733182
40.731745
40.730875
40.730849
40.730735
40.730721
40.730037
40.729632
40.729492
40.727079
40.725889
40.723992
40.723639
40.721101
40.718019
40.715952
40.715861
40.715502
40.714034
40.713818
40.713759
40.712810
40.712562
40.712562
40.712562
40.712285
40.712146
40.712042
40.707965
40.706983
40.706010
40.705678
40.705563
40.703493
40.703489
40.702849
40.702091
40.699461
40.697898
40.697421
40.696271
40.695873
40.695430
40.694866
40.694388
40.694215
40.691509
40.691509
40.691509
40.691509
40.690287
40.690102
40.689107
40.687712
40.686570
40.684246
40.683943
40.683820
40.680854
40.680103
40.679361
40.679350
40.678586
40.678218
40.677693
40.677257
40.676646
40.676507
40.674114
40.672346
40.671457
40.671334
40.670003
40.668512
40.668222
40.667932
40.667792
40.667756
40.664545
40.662574
40.662441
40.661059
40.660370
40.659204
40.659074
40.656839
40.655716
40.654622
40.648247
40.648024
40.648024
40.648024
40.648024
40.648024
40.648024
40.648024
40.648024
40.648024
40.648024
40.648024
40.648024
40.648024
40.648024
40.648024
40.648024
40.648024
40.647882
40.647175
40.646467
40.646244
40.645957
40.644172
40.641916
40.640963
40.640545
40.639940
40.638975
40.638965
40.637656
40.637190
40.636851
40.635700
40.634901
40.634630
40.633951
40.631936
40.631167
40.629640
40.629162
40.628765
40.625551
40.625551
40.625551
40.625551
40.625551
40.625019
40.623368
40.622227
40.621424
40.621179
40.621068
40.620922
40.620846
40.620687
40.619109
40.618748
40.617003
40.616364
40.615815
40.614122
40.613715
40.612256
40.612256
40.608211
40.607202
40.605450
40.605347
40.602562
40.602562
40.602306
40.600106
40.598742
40.598254
40.597528
40.596748
40.596230
40.595344
40.594866
40.593667
40.593222
40.592912
40.592818
40.592511
40.591952
40.590799
40.587822
40.582125
40.581542
40.581230
40.579034
40.579031
40.579031
40.579031
40.577646
40.577073
40.575238
40.574739
40.572109
40.571014
40.571014
40.570018
40.569906
40.564354
40.563576
40.562764
40.562764
40.562479
40.560541
40.559800
40.557057
40.556881
40.556815
40.554934
40.554934
40.554934
40.554882
40.553875
40.550698
40.549939
40.549476
40.548702
40.547139
40.545976
40.542663
40.542591
40.542578
40.541713
40.540829
40.540172
40.539816
40.539731
40.539402
40.538480
40.537113
40.536758
40.534864
40.534315
40.534060
40.533594
40.533238
40.532550
40.532234
40.532187
40.532163
40.532134
40.531505
40.531245
40.531125
40.530241
40.530241
40.530241
40.530241
40.530241
40.530241
40.530241
40.530241
40.530241
40.530241
40.530241
40.530241
40.530241
40.530241
40.530241
40.530241
40.530241
40.530241
40.530241
40.530241
40.530241
40.530241
40.530241
40.530241
40.530241
40.530241
40.530241
40.530241
40.530241
40.530241
40.530241
40.530241
40.530241
40.530241
40.530241
40.530241
40.530241
40.530241
40.530241
40.530241
40.530241
40.530241
40.530241
40.530241
40.530241
40.529361
40.529155
40.528321
40.528227
40.527995
40.527905
40.527864
40.526939
40.526889
40.525465
40.525228
40.522384
40.520987
40.520189
40.519894
40.519696
40.516340
40.516029
40.515038
40.514693
40.514145
40.513371
40.512602
40.512594
40.511280
40.508478
40.507450
40.507052
40.506294
40.504923
40.504923
40.504923
40.504923
40.504539
40.502531
40.502368
40.502194
40.497822
40.496552
40.494072
40.492129
40.492023
40.491882
40.491501
40.490491
40.490491
40.490491
40.489274
40.488881
40.487960
40.487681
40.487635
40.485278
40.485188
40.485084
40.482507
40.480596
40.480473
40.478948
40.478948
40.478948
40.478948
40.478948
40.478948
40.478948
40.478948
40.478948
40.477753
40.477129
40.476020
40.475797
40.475421
40.474904
40.473097
40.473020
40.469809
40.466045
40.465595
40.465116
40.464587
40.464155
40.463484
40.460813
40.460715
40.459839
40.457301
40.455225
40.452279
40.452279
40.452279
40.452279
40.451428
40.450205
40.449849
40.447616
40.447309
40.446676
40.446618
40.445932
40.444798
40.444023
40.443383
40.442229
40.441816
40.441781
40.440479
40.440187
40.437103
40.436670
40.436031
40.434517
40.431925
40.431024
40.430163
40.430149
40.428866
40.427547
40.427100
40.426933
40.424880
40.424880
40.424880
40.424880
40.424880
40.424704
40.424482
40.422963
40.422325
40.421351
40.420950
40.420367
40.419814
40.419814
40.417767
40.414513
40.413860
40.413707
40.413347
40.412993
40.411787
40.409550
40.408586
40.407776
40.407540
40.407158
40.403312
40.402572
40.402408
40.402361
40.400191
40.399558
40.399196
40.398630
40.397698
40.397186
40.396710
40.396710
40.396710
40.396710
40.396710
40.396710
40.396710
40.396710
40.396710
40.396624
40.396363
40.394413
40.393848
40.393784
40.391998
40.389959
40.389625
40.387921
40.386071
40.385416
40.383896
40.383812
40.383366
40.383336
40.382801
40.382371
40.379713
40.379418
40.379227
40.377426
40.375427
40.375255
40.375164
40.374636
40.372979
40.370868
40.370622
40.369270
40.368987
40.367722
40.362112
40.356383
40.353451
40.351328
40.350440
40.349355
40.348672
40.347919
40.347359
40.346551
40.345593
40.345253
40.341692
40.338261
40.337869
40.337869
40.337869
40.337869
40.337869
40.337869
40.334384
40.333510
40.331220
40.331068
40.330074
40.329130
40.327940
40.326413
40.324965
40.322687
40.322282
40.319799
40.319630
40.318733
40.316718
40.314111
40.314111
40.313659
40.313575
40.313508
40.313275
40.312441
40.310118
40.308108
40.307097
40.307097
40.307097
40.306156
40.305555
40.303225
40.302708
40.302460
40.300930
40.300066
40.297909
40.296814
40.296453
40.296359
40.294519
40.293692
40.291547
40.291349
40.290895
40.289650
40.288676
40.287986
40.287980
40.285235
40.284984
40.284703
40.284307
40.283860
40.283381
40.283381
40.283297
40.283297
40.283297
40.282868
40.277427
40.276469
40.275349
40.275349
40.275349
40.272796
40.272708
40.272702
40.272374
40.271579
40.269548
40.269475
40.269436
40.269041
40.268852
40.267941
40.263146
40.263042
40.262636
40.262264
40.260776
40.260556
40.259472
40.257648
40.255804
40.253763
40.253567
40.252889
40.252206
40.251867
40.251849
40.251744
40.250449
40.250409
40.249803
40.249402
40.249203
40.249147
40.248116
40.247453
40.247218
40.247159
40.245582
40.242559
40.242559
40.242559
40.242559
40.242559
40.242559
40.242559
40.242559
40.242559
40.242559
40.242559
40.242559
40.242559
40.242559
40.242559
40.242559
40.242559
40.242559
40.242559
40.242559
40.242559
40.242559
40.242559
40.242559
40.242559
40.242559
40.242559
40.242559
40.242559
40.242559
40.242559
40.242559
40.242559
40.242559
40.242559
40.242559
40.242559
40.242559
40.242559
40.242559
40.242559
40.242559
40.242559
40.242559
40.242559
40.242559
40.242559
40.242559
40.242559
40.242559
40.242559
40.242559
40.242559
40.242559
40.242559
40.242559
40.242559
40.242559
40.242559
40.242559
40.242559
40.242559
40.242559
40.242559
40.242559
40.242559
40.242559
40.242559
40.242559
40.242559
40.242559
40.242013
40.241979
40.241346
40.239763
40.239093
40.238052
40.238000
40.236780
40.236363
40.235759
40.235644
40.233182
40.233174
40.232509
40.232401
40.231733
40.231601
40.228582
40.228462
40.228460
40.226092
40.225752
40.225209
40.223671
40.222965
40.221944
40.220535
40.219086
40.217444
40.216891
40.216142
40.215722
40.215530
40.213959
40.213959
40.213249
40.212284
40.209658
40.208657
40.208657
40.208657
40.208624
40.207888
40.206102
40.205109
40.203957
40.203957
40.202592
40.200695
40.200598
40.200364
40.199727
40.199182
40.198603
40.198327
40.198170
40.197017
40.196284
40.195160
40.195147
40.195118
40.193703
40.192047
40.192000
40.191370
40.191104
40.189840
40.189695
40.187739
40.187340
40.185989
40.185687
40.184397
40.183841
40.182465
40.181908
40.181474
40.181080
40.180259
40.179934
40.179768
40.179689
40.179428
40.179225
40.178441
40.175525
40.173566
40.173566
40.173566
40.173566
40.173566
40.173298
40.171243
40.170911
40.170526
40.170492
40.169738
40.169578
40.168833
40.168520
40.168264
40.165786
40.163667
40.162225
40.159867
40.159754
40.158998
40.158601
40.157982
40.157015
40.156341
40.156271
40.155706
40.155398
40.155029
40.154705
40.153818
40.152368
40.152278
40.151169
40.149728
40.148915
40.147221
40.147121
40.146027
40.145544
40.144331
40.143266
40.143134
40.142930
40.142745
40.142625
40.142433
40.141779
40.141457
40.141150
40.141091
40.140034
40.138875
40.138115
40.137927
40.137923
40.137198
40.137198
40.137198
40.137198
40.137198
40.137198
40.137198
40.136841
40.133488
40.132919
40.131642
40.131627
40.131290
40.131019
40.130913
40.130655
40.128850
40.128850
40.124198
40.124006
40.123422
40.119923
40.118548
40.116548
40.115632
40.114360
40.114355
40.114136
40.113571
40.113420
40.111534
40.107217
40.106254
40.106132
40.104532
40.104006
40.101820
40.101142
40.100879
40.100259
40.100227
40.099633
40.099458
40.099458
40.099458
40.099458
40.099458
40.098283
40.096486
40.096303
40.095177
40.094987
40.094690
40.094153
40.093381
40.091664
40.090967
40.090967
40.090838
40.090595
40.090333
40.090050
40.089228
40.088934
40.088667
40.087713
40.087214
40.087162
40.087162
40.087042
40.087002
40.086985
40.086873
40.086426
40.086311
40.085169
40.084731
40.083911
40.083809
40.083806
40.082994
40.082495
40.081990
40.081990
40.080635
40.080234
40.080040
40.080040
40.077103
40.076981
40.075695
40.075621
40.075621
40.075621
40.075032
40.074593
40.074128
40.073168
40.072527
40.072288
40.070847
40.069947
40.068701
40.068261
40.066142
40.065768
40.065768
40.065524
40.064605
40.064361
40.064361
40.064338
40.064120
40.064103
40.063898
40.063713
40.063631
40.063105
40.062720
40.062227
40.062221
40.061838
40.060237
40.060237
40.060237
40.060237
40.060237
40.060237
40.060237
40.060237
40.060237
40.060237
40.060237
40.060237
40.060237
40.060237
40.060237
40.060237
40.060237
40.060237
40.060237
40.060237
40.060237
40.060237
40.060237
40.060237
40.060237
40.060237
40.060237
40.060237
40.060237
40.060237
40.060237
40.060237
40.060237
40.060237
40.060237
40.060237
40.060237
40.060237
40.060237
40.060237
40.060237
40.060237
40.060237
40.060237
40.060237
40.060237
40.060237
40.060237
40.060237
40.060237
40.060237
40.060237
40.060237
40.060237
40.060237
40.060237
40.060237
40.060237
40.060237
40.060237
40.060237
40.060237
40.060237
40.060237
40.060237
40.060237
40.060237
40.060237
40.060237
40.060237
40.060237
40.060237
40.060237
40.060237
40.060237
40.060237
40.060237
40.060237
40.060237
40.060237
40.060237
40.060237
40.060237
40.060237
40.060237
40.060237
40.060237
40.060237
40.060237
40.060237
40.060237
40.060237
40.060237
40.060237
40.060237
40.060237
40.060237
40.060237
40.060237
40.060237
40.060237
40.060237
40.060237
40.060237
40.060237
40.060237
40.060237
40.060237
40.060237
40.060237
40.060237
40.060237
40.060237
40.060237
40.060237
40.060237
40.060237
40.060237
40.060237
40.060237
40.060237
40.060237
40.060237
40.060237
40.060237
40.060237
40.060237
40.060237
40.060237
40.060237
40.060237
40.060237
40.060237
40.060237
40.060237
40.060237
40.060237
40.060237
40.060237
40.060237
40.060237
40.060237
40.060237
40.060237
40.060237
40.060237
40.060237
40.060237
40.060237
40.060237
40.060237
40.060237
40.060237
40.060237
40.060237
40.060237
40.060237
40.058916
40.058611
40.058454
40.058076
40.057934
40.057786
40.057675
40.057664
40.057226
40.056898
40.056620
40.056545
40.056399
40.056028
40.055639
40.054725
40.053723
40.053407
40.052448
40.050494
40.050187
40.050187
40.050187
40.049535
40.049305
40.049305
40.047925
40.046533
40.046015
40.045453
40.045217
40.045184
40.044412
40.044149
40.042738
40.041811
40.040498
40.040035
40.040000
40.039954
40.039304
40.037702
40.036996
40.036758
40.036276
40.035070
40.034472
40.033566
40.032482
40.032074
40.031512
40.030166
40.029038
40.028644
40.027672
40.027285
40.026772
40.026434
40.026258
40.025435
40.025276
40.025241
40.024555
40.024111
40.024015
40.023231
40.020494
40.019415
40.019415
40.019415
40.019415
40.019415
40.019415
40.019387
40.018569
40.018420
40.015735
40.015240
40.014453
40.014233
40.012841
40.012233
40.010495
40.010495
40.008832
40.008638
40.008269
40.008013
40.007202
40.004910
40.004760
40.004096
40.003123
40.002943
40.002793
40.002773
40.002474
40.002065
40.001618
40.001241
39.998393
39.996896
39.996625
39.992753
39.992147
39.991878
39.991244
39.990730
39.990575
39.990557
39.987129
39.985803
39.985783
39.985726
39.985048
39.984542
39.982993
39.982084
39.982072
39.981988
39.980195
39.980195
39.980097
39.979563
39.979061
39.978700
39.978632
39.977917
39.977350
39.977182
39.976856
39.976856
39.976856
39.976856
39.976856
39.976856
39.976856
39.976856
39.976552
39.975945
39.975463
39.975460
39.975070
39.973703
39.973493
39.971767
39.969091
39.968148
39.967450
39.966895
39.965961
39.965927
39.965705
39.964877
39.962327
39.962118
39.961350
39.960709
39.960638
39.960336
39.960205
39.960136
39.958146
39.956579
39.954877
39.954428
39.952666
39.951873
39.951845
39.949280
39.948462
39.948052
39.947191
39.946794
39.946207
39.945690
39.945690
39.945669
39.944826
39.944327
39.944247
39.943398
39.941587
39.940803
39.940709
39.937699
39.937655
39.937504
39.937262
39.936404
39.935411
39.933619
39.933103
39.933103
39.932933
39.932404
39.932404
39.932404
39.932404
39.932404
39.932404
39.931102
39.930272
39.930108
39.930048
39.930048
39.929152
39.929028
39.918205
39.915976
39.914392
39.912654
39.911844
39.909414
39.909414
39.909346
39.909042
39.908387
39.907146
39.903688
39.902168
39.901780
39.901118
39.901115
39.900124
39.900069
39.899475
39.898753
39.897718
39.895550
39.894693
39.893996
39.892658
39.892082
39.891532
39.891155
39.891155
39.890180
39.890180
39.890141
39.889514
39.887881
39.887677
39.887443
39.885985
39.885884
39.885884
39.885884
39.885884
39.885884
39.885884
39.885884
39.885884
39.885884
39.885884
39.885884
39.885884
39.885884
39.885884
39.885884
39.885884
39.885884
39.885348
39.884039
39.882972
39.881896
39.881294
39.880880
39.880863
39.879667
39.878489
39.877883
39.877584
39.877213
39.875834
39.875201
39.874203
39.873560
39.868007
39.866981
39.865323
39.864461
39.864426
39.863411
39.862931
39.862931
39.862747
39.862134
39.861426
39.861112
39.860728
39.860207
39.860046
39.859658
39.859449
39.858100
39.856649
39.855893
39.855474
39.854759
39.853922
39.853826
39.852566
39.852174
39.852087
39.851991
39.851403
39.851327
39.851049
39.850395
39.849088
39.849027
39.848528
39.848508
39.847550
39.845805
39.845681
39.845324
39.844225
39.843889
39.843889
39.842474
39.842081
39.842081
39.841984
39.841628
39.840607
39.839716
39.839429
39.838529
39.837842
39.837558
39.837500
39.837094
39.837094
39.837094
39.837094
39.837094
39.837094
39.837094
39.837094
39.837094
39.837094
39.837094
39.837094
39.837094
39.837094
39.837094
39.837094
39.837094
39.837094
39.837094
39.837094
39.837094
39.837094
39.837094
39.837094
39.837094
39.837094
39.837094
39.837094
39.837094
39.837094
39.837094
39.837094
39.837094
39.837094
39.837094
39.837094
39.837094
39.837094
39.837094
39.837094
39.837094
39.837094
39.837094
39.837094
39.837094
39.837094
39.837094
39.837094
39.837094
39.837094
39.837094
39.837094
39.837094
39.837094
39.837094
39.837094
39.837094
39.837094
39.837094
39.837094
39.837094
39.837094
39.837094
39.837094
39.837094
39.837094
39.837094
39.837094
39.837094
39.837094
39.837094
39.837094
39.837094
39.837094
39.837094
39.837094
39.837094
39.837094
39.837094
39.837094
39.837094
39.837094
39.837094
39.837094
39.837094
39.837094
39.837094
39.837094
39.837094
39.837094
39.837094
39.837094
39.837094
39.837094
39.837094
39.837094
39.837094
39.837094
39.837094
39.837094
39.837094
39.837094
39.837094
39.837094
39.837094
39.837094
39.837094
39.837094
39.837094
39.837094
39.837094
39.837094
39.837094
39.837094
39.837094
39.837094
39.837094
39.837094
39.837094
39.837094
39.837094
39.837094
39.837094
39.837094
39.837094
39.837094
39.837094
39.837094
39.837094
39.837094
39.837094
39.837094
39.837094
39.837094
39.837094
39.837094
39.837094
39.837094
39.837094
39.837094
39.837094
39.837094
39.837094
39.837094
39.837094
39.837094
39.837094
39.837094
39.837094
39.837094
39.837094
39.837094
39.837094
39.837094
39.837094
39.837094
39.837094
39.837094
39.837094
39.837094
39.836888
39.836324
39.835135
39.834402
39.834211
39.832363
39.832081
39.832081
39.832081
39.832081
39.832081
39.832081
39.832081
39.832081
39.832081
39.832081
39.832081
39.832032
39.831582
39.831067
39.830866
39.828471
39.828403
39.827043
39.827043
39.827043
39.826967
39.826967
39.826931
39.825094
39.824673
39.821980
39.821316
39.819016
39.818313
39.818249
39.818199
39.817245
39.816993
39.814537
39.814537
39.814162
39.813583
39.812754
39.812646
39.811968
39.811776
39.807535
39.807260
39.806074
39.805495
39.803065
39.801727
39.799320
39.797873
39.797640
39.797124
39.796887
39.796272
39.796269
39.795675
39.795390
39.794348
39.793379
39.792113
39.792056
39.790955
39.790574
39.789890
39.789457
39.788313
39.788303
39.786536
39.785800
39.785800
39.785800
39.785800
39.785800
39.785800
39.785800
39.785800
39.785800
39.785800
39.785800
39.785800
39.785800
39.785800
39.785800
39.785800
39.785800
39.785800
39.785800
39.785800
39.785800
39.785800
39.785800
39.783278
39.783026
39.782274
39.782274
39.781896
39.780966
39.779418
39.777460
39.777382
39.777234
39.776735
39.775751
39.774231
39.773815
39.773420
39.772849
39.772681
39.772555
39.772555
39.772123
39.771791
39.771525
39.767608
39.766743
39.765654
39.765471
39.764523
39.762639
39.761857
39.761737
39.761670
39.761537
39.761100
39.760587
39.759067
39.758916
39.758678
39.757882
39.757610
39.754419
39.753641
39.753367
39.752920
39.752286
39.751836
39.751774
39.751278
39.750876
39.750860
39.750776
39.750764
39.750020
39.749071
39.748830
39.748830
39.748263
39.747557
39.746339
39.742898
39.742783
39.741627
39.741284
39.741208
39.740962
39.740950
39.740950
39.740372
39.739776
39.738923
39.733221
39.732941
39.731826
39.731796
39.731733
39.731733
39.731733
39.731733
39.731733
39.731733
39.731733
39.731733
39.731733
39.731733
39.731733
39.731733
39.731733
39.731733
39.731733
39.731733
39.731733
39.731733
39.731733
39.729001
39.727931
39.727537
39.726721
39.726594
39.724684
39.724658
39.723561
39.722684
39.722103
39.721911
39.721904
39.721688
39.720200
39.716860
39.716085
39.715441
39.715411
39.714926
39.712040
39.710296
39.709955
39.708502
39.708185
39.707145
39.707064
39.706992
39.706593
39.706550
39.705052
39.704356
39.704043
39.703618
39.703369
39.698660
39.698605
39.696849
39.696498
39.696373
39.696144
39.693227
39.691467
39.690399
39.689219
39.688674
39.688674
39.688674
39.688674
39.688674
39.688674
39.688674
39.688674
39.687215
39.687121
39.686857
39.683734
39.681963
39.679320
39.679320
39.678022
39.677884
39.677850
39.676224
39.675858
39.674575
39.674575
39.674575
39.674575
39.674404
39.674285
39.673740
39.672517
39.669956
39.669567
39.668831
39.668184
39.667718
39.667587
39.667566
39.664864
39.664276
39.663796
39.663236
39.663111
39.662852
39.660666
39.660438
39.660184
39.660184
39.659256
39.656496
39.654772
39.654772
39.654772
39.653210
39.653200
39.652785
39.651828
39.651447
39.650653
39.650636
39.650298
39.650215
39.650046
39.647748
39.647248
39.645012
39.644722
39.642157
39.641687
39.641237
39.639830
39.639147
39.635358
39.634653
39.634369
39.633731
39.633677
39.633183
39.632750
39.632615
39.632484
39.631299
39.631070
39.631045
39.630111
39.629616
39.626110
39.626069
39.625719
39.625719
39.624771
39.623626
39.621048
39.620963
39.620822
39.620538
39.620512
39.620137
39.620091
39.619532
39.619415
39.618025
39.617813
39.617693
39.617303
39.616796
39.616740
39.616626
39.613950
39.613950
39.613950
39.613950
39.613950
39.613950
39.613950
39.613950
39.613950
39.613950
39.613950
39.613950
39.611520
39.611132
39.609931
39.608767
39.607493
39.606598
39.606359
39.605907
39.605723
39.605525
39.605423
39.604727
39.602321
39.602208
39.600552
39.599757
39.598953
39.598068
39.598008
39.596479
39.596401
39.595718
39.595394
39.594704
39.594622
39.590780
39.589944
39.588572
39.587084
39.585744
39.585017
39.582202
39.581963
39.579746
39.579420
39.578456
39.578332
39.575803
39.574372
39.573128
39.572340
39.571289
39.570841
39.570742
39.569809
39.569214
39.567789
39.565945
39.565901
39.565647
39.562657
39.562156
39.561494
39.559417
39.559362
39.559131
39.558125
39.557444
39.557380
39.557139
39.556051
39.554852
39.553910
39.553536
39.553320
39.553302
39.553072
39.552989
39.552329
39.549412
39.549412
39.549412
39.549412
39.549412
39.549412
39.549412
39.549412
39.549412
39.549412
39.549412
39.549412
39.549412
39.549412
39.549412
39.549412
39.549412
39.549412
39.549412
39.549412
39.549412
39.549412
39.549412
39.549412
39.549412
39.549412
39.549412
39.549412
39.549412
39.549412
39.549412
39.549412
39.549412
39.549412
39.549412
39.549412
39.549412
39.549412
39.549412
39.549412
39.549412
39.549412
39.549412
39.548888
39.547744
39.547128
39.546917
39.546735
39.546073
39.546073
39.546073
39.546073
39.544611
39.543774
39.542417
39.540204
39.539361
39.538280
39.537029
39.536890
39.536569
39.534922
39.534636
39.534463
39.533880
39.533606
39.533501
39.531125
39.531104
39.526425
39.524698
39.524427
39.522868
39.522295
39.522295
39.520146
39.518050
39.517093
39.517062
39.516829
39.516417
39.516171
39.515510
39.515510
39.515341
39.514075
39.511167
39.508785
39.508231
39.507119
39.506836
39.506259
39.505837
39.505619
39.503533
39.503209
39.502561
39.500807
39.500622
39.500474
39.500399
39.499445
39.497056
39.496451
39.496167
39.494387
39.494296
39.494241
39.493075
39.491674
39.490674
39.489920
39.484930
39.484676
39.482958
39.482939
39.482884
39.481875
39.481829
39.480520
39.480419
39.480419
39.480419
39.480419
39.480419
39.480419
39.480419
39.480419
39.480419
39.480419
39.480419
39.478274
39.477972
39.475406
39.475388
39.475388
39.475054
39.473806
39.472936
39.469863
39.469846
39.468694
39.466745
39.466081
39.466030
39.465711
39.465675
39.463974
39.463693
39.463493
39.460227
39.460024
39.458757
39.455231
39.455231
39.454581
39.454101
39.453006
39.447720
39.446889
39.446389
39.444051
39.443703
39.441536
39.440727
39.440093
39.439901
39.439812
39.439240
39.437371
39.437160
39.436718
39.435118
39.435002
39.434528
39.434375
39.434375
39.429560
39.429126
39.429126
39.429126
39.427194
39.424122
39.422433
39.420266
39.419852
39.417783
39.417541
39.417241
39.415495
39.413344
39.413134
39.408077
39.406683
39.406468
39.406311
39.406311
39.406311
39.406311
39.406311
39.406311
39.406311
39.404846
39.403612
39.403420
39.402991
39.402575
39.402575
39.400414
39.399943
39.398616
39.397467
39.397368
39.397368
39.396261
39.396261
39.395979
39.394281
39.394281
39.393075
39.392183
39.391109
39.389903
39.388782
39.385010
39.384764
39.384674
39.384147
39.383987
39.383805
39.381886
39.381886
39.381886
39.381377
39.381120
39.380827
39.377872
39.376247
39.375708
39.375058
39.374150
39.372286
39.370003
39.369439
39.368016
39.367367
39.367090
39.367090
39.367090
39.367090
39.367090
39.367090
39.367090
39.367090
39.367090
39.367090
39.367090
39.367090
39.367090
39.367090
39.367090
39.367090
39.367090
39.367090
39.367090
39.367090
39.367090
39.367090
39.367090
39.366652
39.365324
39.363870
39.361767
39.360670
39.358622
39.357675
39.356411
39.355743
39.354668
39.354668
39.354668
39.352397
39.351130
39.349718
39.349494
39.346696
39.346471
39.345504
39.345314
39.345068
39.345068
39.344867
39.344555
39.344555
39.344541
39.344259
39.344259
39.343891
39.343609
39.342797
39.341654
39.339476
39.338697
39.336901
39.335898
39.335453
39.334479
39.332256
39.331987
39.329621
39.329621
39.328606
39.327816
39.327152
39.326684
39.326268
39.326268
39.326268
39.326268
39.326268
39.326268
39.326268
39.326268
39.326268
39.326268
39.326268
39.326268
39.326268
39.326268
39.326268
39.326268
39.326268
39.326268
39.326268
39.326268
39.326268
39.326268
39.325190
39.324600
39.323870
39.322802
39.322486
39.322031
39.321893
39.320072
39.319908
39.317060
39.317060
39.317060
39.316882
39.315730
39.315323
39.315093
39.314912
39.313848
39.313494
39.313176
39.313121
39.310878
39.310422
39.310007
39.309881
39.309816
39.309461
39.307183
39.306156
39.306035
39.305607
39.304999
39.304999
39.304999
39.303711
39.301795
39.300814
39.299706
39.299063
39.298778
39.298713
39.296226
39.295650
39.295650
39.293093
39.290382
39.289158
39.288918
39.288038
39.287047
39.284564
39.284564
39.284564
39.284564
39.284564
39.284315
39.283709
39.282316
39.282313
39.282313
39.280542
39.280314
39.279723
39.278250
39.277867
39.276620
39.273383
39.273144
39.272557
39.272541
39.271448
39.271448
39.271448
39.270550
39.269508
39.268801
39.268174
39.266950
39.265535
39.265315
39.265315
39.264184
39.264102
39.262580
39.261532
39.261532
39.261093
39.260468
39.260433
39.258862
39.258113
39.257376
39.257376
39.257376
39.257275
39.256039
39.255392
39.253212
39.252230
39.251363
39.250114
39.249779
39.249645
39.249307
39.249271
39.248912
39.248307
39.247168
39.246594
39.246379
39.246379
39.245610
39.245116
39.244859
39.244759
39.244571
39.244077
39.243915
39.242312
39.241555
39.241130
39.241073
39.240050
39.240050
39.239956
39.239411
39.239257
39.239257
39.239257
39.239257
39.239257
39.239257
39.239257
39.239257
39.239257
39.239257
39.239257
39.239257
39.239257
39.239257
39.239257
39.239257
39.239257
39.239257
39.239257
39.239257
39.239257
39.238256
39.236759
39.236456
39.236031
39.234515
39.232319
39.231437
39.231437
39.231044
39.229480
39.229206
39.229206
39.228423
39.228040
39.228040
39.228036
39.227257
39.226010
39.225913
39.225454
39.225301
39.224893
39.223888
39.222557
39.222207
39.221823
39.221208
39.219667
39.219401
39.219232
39.218518
39.217764
39.217755
39.216593
39.216435
39.215895
39.215513
39.215472
39.215192
39.215116
39.214626
39.213485
39.213256
39.211311
39.209374
39.209374
39.209020
39.207887
39.205821
39.204571
39.204081
39.202762
39.201768
39.199811
39.199417
39.198632
39.198492
39.197781
39.197440
39.196857
39.196857
39.196857
39.195768
39.194813
39.194811
39.194811
39.194811
39.194811
39.193874
39.192793
39.192793
39.192737
39.192737
39.192737
39.192710
39.192167
39.191349
39.190088
39.189732
39.189590
39.189229
39.189157
39.189078
39.189014
39.187808
39.187613
39.187603
39.187196
39.187082
39.186289
39.185613
39.184791
39.184517
39.183989
39.183040
39.182744
39.182619
39.182297
39.181613
39.180588
39.180454
39.179369
39.179144
39.179012
39.177985
39.177086
39.176237
39.175730
39.174701
39.173513
39.173303
39.172896
39.171740
39.171708
39.171383
39.171002
39.170356
39.170320
39.169809
39.169271
39.169264
39.168076
39.167888
39.166919
39.165336
39.165336
39.165336
39.164194
39.164149
39.163749
39.163515
39.163285
39.161367
39.161177
39.161071
39.160021
39.159341
39.159295
39.158844
39.158843
39.158781
39.158139
39.156386
39.156058
39.155458
39.154747
39.154653
39.154286
39.153968
39.153897
39.153897
39.153897
39.153897
39.153897
39.153594
39.153254
39.152565
39.152546
39.152411
39.152411
39.152411
39.152186
39.151474
39.150964
39.150958
39.149656
39.149478
39.149436
39.149419
39.149097
39.148435
39.148099
39.147259
39.146756
39.146458
39.146282
39.146070
39.145961
39.145813
39.145786
39.145487
39.144626
39.144282
39.144055
39.144047
39.144047
39.143947
39.143947
39.143947
39.143947
39.143947
39.143947
39.143947
39.143947
39.143947
39.143947
39.143947
39.143947
39.143947
39.143947
39.143947
39.143947
39.143947
39.143947
39.143947
39.143947
39.143947
39.143947
39.143947
39.143947
39.143947
39.143947
39.143947
39.143947
39.143947
39.143947
39.143947
39.143947
39.143947
39.143947
39.143947
39.143947
39.143947
39.143947
39.143947
39.143947
39.143947
39.143947
39.143947
39.143947
39.143947
39.143947
39.143947
39.143947
39.143947
39.143947
39.143947
39.143947
39.143947
39.143947
39.143947
39.143947
39.143947
39.143947
39.143947
39.143947
39.143947
39.143947
39.143947
39.143947
39.143947
39.143947
39.143947
39.143947
39.143947
39.143947
39.143947
39.143947
39.143947
39.143947
39.143947
39.143947
39.143947
39.143947
39.143947
39.143947
39.143947
39.143947
39.143947
39.143947
39.143947
39.143947
39.143947
39.143947
39.143947
39.143947
39.143947
39.143947
39.143947
39.143947
39.143947
39.143947
39.143947
39.143947
39.143947
39.143947
39.143947
39.143947
39.143947
39.143947
39.143947
39.143947
39.143947
39.143947
39.143947
39.143947
39.143947
39.143947
39.143947
39.143947
39.143947
39.143947
39.143947
39.143947
39.143947
39.143947
39.143947
39.143947
39.143947
39.143947
39.143947
39.143947
39.143947
39.143947
39.143947
39.143947
39.143947
39.143947
39.143947
39.143947
39.143947
39.143947
39.143947
39.143947
39.143947
39.143947
39.143947
39.143947
39.143947
39.143947
39.143947
39.143947
39.143947
39.143947
39.143947
39.143947
39.143947
39.143947
39.143947
39.143947
39.143947
39.143947
39.143947
39.143947
39.143947
39.143947
39.143947
39.143947
39.143947
39.143947
39.143947
39.143947
39.143947
39.143947
39.143947
39.143947
39.143947
39.143947
39.143947
39.143947
39.143947
39.143947
39.143947
39.143947
39.143947
39.143947
39.143947
39.143947
39.143947
39.143947
39.143947
39.143947
39.143947
39.143947
39.143947
39.143947
39.143947
39.143947
39.143947
39.143947
39.143947
39.143947
39.143947
39.143947
39.143947
39.143947
39.143947
39.143947
39.143947
39.143947
39.143947
39.143947
39.143947
39.143947
39.143947
39.143947
39.143947
39.143947
39.143947
39.143947
39.143947
39.143947
39.143947
39.143947
39.143947
39.143947
39.143947
39.143947
39.143947
39.143947
39.143947
39.143947
39.143947
39.143947
39.143947
39.143947
39.143947
39.143947
39.143947
39.143947
39.143947
39.143947
39.143947
39.143947
39.143947
39.143947
39.143947
39.143947
39.143947
39.143947
39.143947
39.143947
39.143947
39.143947
39.143947
39.143947
39.143947
39.143947
39.143947
39.143947
39.143947
39.143947
39.143947
39.143947
39.143947
39.143947
39.143947
39.143947
39.143947
39.143947
39.143947
39.143947
39.143947
39.143947
39.143947
39.143947
39.143947
39.143947
39.143947
39.143947
39.143947
39.143947
39.143947
39.143947
39.143947
39.143947
39.143947
39.143947
39.143947
39.143947
39.143947
39.143947
39.143947
39.143947
39.143947
39.143947
39.143947
39.143947
39.143947
39.143947
39.143947
39.143947
39.143947
39.143947
39.143947
39.143947
39.143947
39.143947
39.143947
39.143947
39.143947
39.143947
39.143947
39.143947
39.143947
39.143947
39.143947
39.143947
39.143947
39.143947
39.143947
39.143947
39.143947
39.143947
39.143947
39.143947
39.143947
39.143947
39.143947
39.143947
39.143947
39.143947
39.143947
39.143947
39.143947
39.143947
39.143947
39.143947
39.143947
39.143947
39.143947
39.143947
39.143947
39.143947
39.143947
39.143947
39.143947
39.143947
39.143947
39.143947
39.143947
39.143947
39.143947
39.143947
39.143947
39.143947
39.143947
39.143947
39.143947
39.143947
39.143947
39.143947
39.143947
39.143947
39.143947
39.143947
39.143947
39.143947
39.143947
39.143947
39.143947
39.143947
39.143947
39.143947
39.143947
39.143947
39.143947
39.143947
39.143947
39.143947
39.143947
39.143947
39.143947
39.143947
39.143947
39.143947
39.143947
39.143947
39.143947
39.143947
39.143947
39.143947
39.143947
39.143947
39.143947
39.143947
39.143947
39.143947
39.143947
39.143947
39.143947
39.143947
39.143947
39.143947
39.143947
39.143947
39.143947
39.143947
39.143947
39.143947
39.143947
39.143947
39.143947
39.143947
39.143947
39.143947
39.143947
39.143947
39.143947
39.143947
39.143947
39.143947
39.143947
39.143947
39.143947
39.143947
39.143947
39.143947
39.143947
39.143947
39.143947
39.143947
39.143947
39.143947
39.143947
39.143947
39.143947
39.143947
39.143947
39.143947
39.143947
39.143947
39.143947
39.143947
39.143947
39.143947
39.143947
39.143947
39.143947
39.143947
39.143947
39.143947
39.143947
39.143947
39.143947
39.143947
39.143947
39.143947
39.143947
39.143947
39.143947
39.143947
39.143947
39.143947
39.143947
39.143947
39.143947
39.143947
39.143947
39.143947
39.143947
39.143947
39.143947
39.143947
39.143947
39.143947
39.143947
39.143947
39.143947
39.143947
39.143947
39.143947
39.143947
39.143947
39.143947
39.143947
39.143947
39.143947
39.143947
39.143947
39.143947
39.143947
39.143947
39.143947
39.143947
39.143947
39.143947
39.143947
39.143947
39.143947
39.143947
39.143947
39.143947
39.143947
39.143947
39.143947
39.143947
39.143947
39.143947
39.143947
39.143946
39.143946
39.143454
39.143454
39.143177
39.143132
39.143027
39.142946
39.142144
39.141924
39.140893
39.140621
39.140489
39.138934
39.138349
39.137069
39.136003
39.134746
39.133896
39.133896
39.133896
39.132931
39.132648
39.131787
39.129141
39.129141
39.123744
39.123744
39.123014
39.122086
39.121893
39.121411
39.121411
39.121411
39.117164
39.117164
39.116746
39.116067
39.114893
39.114893
39.114893
39.114411
39.113487
39.113487
39.113487
39.113487
39.111965
39.111854
39.110138
39.109996
39.109686
39.108579
39.107902
39.107640
39.107635
39.106841
39.106735
39.106486
39.106477
39.106172
39.106172
39.105605
39.105206
39.105071
39.103120
39.102015
39.099375
39.098246
39.098176
39.098115
39.097889
39.097878
39.097797
39.097427
39.097427
39.097427
39.097427
39.097427
39.097427
39.097427
39.096023
39.095746
39.095449
39.094987
39.094918
39.094204
39.094204
39.094114
39.094034
39.093976
39.093707
39.093647
39.093449
39.092901
39.092699
39.092653
39.092653
39.092653
39.092653
39.092653
39.092653
39.092653
39.092653
39.089145
39.086384
39.085327
39.085327
39.084379
39.083359
39.083009
39.081446
39.080606
39.080606
39.079964
39.079783
39.079465
39.079465
39.077807
39.077807
39.074597
39.074333
39.073896
39.073316
39.072507
39.072507
39.072507
39.071296
39.068729
39.068342
39.066280
39.061501
39.060478
39.059978
39.058687
39.058001
39.057801
39.057558
39.055368
39.055107
39.055107
39.053494
39.053494
39.053494
39.051277
39.049636
39.048866
39.048866
39.048866
39.048636
39.048636
39.048636
39.048536
39.048390
39.047815
39.047815
39.047771
39.047771
39.047771
39.047154
39.046075
39.045430
39.044564
39.043871
39.043579
39.043179
39.042171
39.041423
39.040397
39.040030
39.039489
39.039489
39.039489
39.038586
39.038586
39.038586
39.038586
39.038586
39.038586
39.038586
39.038586
39.038586
39.038586
39.038586
39.038586
39.038586
39.038586
39.038586
39.038586
39.038586
39.038586
39.038586
39.038586
39.038586
39.038586
39.038586
39.038586
39.038586
39.038586
39.038586
39.038586
39.038586
39.038586
39.038586
39.038586
39.038586
39.038586
39.038586
39.038586
39.038586
39.038586
39.038006
39.038006
39.030618
39.029537
39.029378
39.026154
39.026146
39.023316
39.023236
39.023236
39.023236
39.021660
39.021085
39.016505
39.016505
39.016113
39.014674
39.014277
39.010415
39.010415
39.010408
39.010408
39.010408
39.009635
39.003315
38.995698
38.994630
38.991482
38.991482
38.990923
38.990923
38.990923
38.989194
38.984061
38.982678
38.982678
38.981428
38.981428
38.981428
38.981428
38.976721
38.976588
38.973850
38.973713
38.971148
38.969694
38.969593
38.969593
38.969593
38.969593
38.969593
38.969593
38.969593
38.967323
38.965301
38.962720
38.961625
38.960845
38.958604
38.955551
38.955406
38.954498
38.954020
38.953791
38.951575
38.951174
38.950541
38.949219
38.947918
38.945496
38.945179
38.943755
38.942359
38.942054
38.941855
38.941855
38.941422
38.940457
38.940457
38.940457
38.940038
38.938397
38.935700
38.932166
38.930450
38.930450
38.930111
38.930111
38.929642
38.929234
38.929042
38.928835
38.927193
38.923742
38.922749
38.922749
38.921483
38.920803
38.920803
38.920803
38.920803
38.920803
38.920803
38.920803
38.920803
38.920803
38.920803
38.920803
38.920803
38.920803
38.920803
38.920803
38.920803
38.920803
38.920803
38.920803
38.920803
38.920803
38.920803
38.920803
38.920803
38.920803
38.920803
38.920803
38.920803
38.920803
38.920803
38.920803
38.920803
38.920803
38.920803
38.920803
38.920803
38.920803
38.920803
38.920803
38.920803
38.920803
38.920803
38.920033
38.919986
38.918367
38.916092
38.915790
38.914821
38.912731
38.908224
38.905597
38.902503
38.901208
38.898012
38.897071
38.890705
38.889349
38.887015
38.886117
38.883029
38.881582
38.879638
38.879634
38.876945
38.875235
38.874542
38.869510
38.868230
38.865086
38.864882
38.864237
38.858637
38.858218
38.856772
38.856321
38.856265
38.856265
38.856265
38.855529
38.855529
38.854143
38.850752
38.848643
38.847022
38.846780
38.846780
38.846780
38.846780
38.846718
38.846377
38.845586
38.845365
38.833946
38.833729
38.833729
38.833729
38.833729
38.833729
38.833729
38.833729
38.832791
38.829746
38.829236
38.827665
38.827539
38.826622
38.824671
38.822385
38.822285
38.819006
38.817662
38.817511
38.813471
38.812887
38.810430
38.809082
38.807474
38.807402
38.807354
38.807354
38.807354
38.807354
38.807354
38.807354
38.807354
38.807354
38.807354
38.807354
38.807354
38.807354
38.807354
38.807354
38.807354
38.807354
38.807354
38.807354
38.807354
38.807354
38.807354
38.807354
38.807354
38.807354
38.807354
38.807354
38.807354
38.807354
38.807354
38.807354
38.807354
38.807354
38.807354
38.807354
38.807354
38.807354
38.807354
38.807354
38.807354
38.807354
38.807354
38.807354
38.807354
38.807354
38.807354
38.807354
38.807354
38.807354
38.807354
38.807354
38.807354
38.807354
38.807354
38.807354
38.807354
38.807354
38.807354
38.807354
38.807354
38.807354
38.807354
38.807354
38.807354
38.807354
38.807354
38.807354
38.807354
38.807354
38.807354
38.807354
38.807354
38.807354
38.807354
38.807354
38.807354
38.807354
38.807354
38.807354
38.807354
38.807354
38.807354
38.807354
38.807354
38.807354
38.807354
38.807354
38.807354
38.807354
38.807354
38.807340
38.806393
38.805076
38.802268
38.799151
38.798092
38.797645
38.793254
38.793254
38.793134
38.792596
38.787272
38.787272
38.787272
38.787272
38.787272
38.787272
38.787272
38.787272
38.787272
38.787272
38.787272
38.787272
38.787272
38.785326
38.784825
38.784825
38.784825
38.784825
38.784514
38.782977
38.781409
38.776628
38.765812
38.765672
38.765672
38.761732
38.758284
38.751815
38.750904
38.750280
38.750186
38.747994
38.746664
38.742158
38.741818
38.741717
38.738481
38.738481
38.738481
38.738481
38.738481
38.738481
38.738481
38.737712
38.737462
38.735553
38.735553
38.735553
38.732393
38.732254
38.732254
38.730215
38.729291
38.729131
38.727331
38.726380
38.726075
38.725213
38.724542
38.722606
38.719725
38.716895
38.716895
38.716895
38.714602
38.711699
38.704673
38.704673
38.704531
38.704531
38.704221
38.703800
38.703241
38.703241
38.703241
38.701012
38.701012
38.700707
38.700707
38.699606
38.699606
38.699094
38.697966
38.693112
38.690733
38.687525
38.686662
38.686031
38.685838
38.684269
38.683728
38.678331
38.678331
38.678331
38.678331
38.677129
38.675012
38.674869
38.673943
38.673943
38.673943
38.673943
38.673943
38.673943
38.673943
38.673943
38.673943
38.673943
38.673943
38.673943
38.673943
38.673943
38.673943
38.673943
38.673619
38.673163
38.670738
38.670537
38.669740
38.669738
38.669738
38.669737
38.669592
38.668431
38.668431
38.664644
38.664159
38.663970
38.663970
38.663970
38.663970
38.663264
38.661463
38.661461
38.661200
38.658579
38.658039
38.656949
38.653708
38.653708
38.651920
38.650507
38.648018
38.645218
38.645135
38.643476
38.643171
38.642768
38.642429
38.642429
38.642350
38.642350
38.642350
38.642306
38.641358
38.639964
38.639214
38.636343
38.634121
38.633266
38.633121
38.633121
38.633121
38.633121
38.633121
38.633121
38.633121
38.633121
38.633121
38.633121
38.633121
38.633121
38.633121
38.633121
38.633121
38.633121
38.633121
38.633121
38.633121
38.633121
38.633121
38.633121
38.633121
38.633121
38.633121
38.633121
38.633121
38.633121
38.633121
38.633121
38.633121
38.633121
38.633121
38.633121
38.633121
38.633121
38.633121
38.633121
38.633121
38.633121
38.633121
38.633121
38.633121
38.633121
38.633121
38.633121
38.633121
38.633121
38.633121
38.633121
38.633121
38.633121
38.633121
38.633121
38.633121
38.633121
38.633121
38.633121
38.633121
38.633121
38.633121
38.633121
38.633121
38.633121
38.633121
38.633121
38.633121
38.633121
38.633121
38.633121
38.633121
38.633121
38.633121
38.633121
38.633121
38.633121
38.633121
38.633121
38.633121
38.633121
38.633121
38.633121
38.633121
38.633121
38.633121
38.633121
38.632541
38.629655
38.628414
38.628108
38.628108
38.628108
38.628108
38.628108
38.628108
38.628108
38.628108
38.628108
38.628108
38.628108
38.628108
38.628108
38.628108
38.628108
38.628108
38.628108
38.628108
38.628108
38.628108
38.628108
38.628108
38.628108
38.628108
38.628108
38.628108
38.628108
38.628108
38.626997
38.625954
38.624753
38.624060
38.621192
38.621022
38.620664
38.618918
38.616992
38.616829
38.616829
38.616829
38.616829
38.616314
38.615771
38.613318
38.613318
38.612580
38.612252
38.610877
38.610838
38.610802
38.610802
38.609648
38.609648
38.605107
38.604521
38.604521
38.604298
38.601008
38.599219
38.599219
38.595717
38.594519
38.594519
38.593620
38.589744
38.589744
38.589744
38.584646
38.581932
38.581828
38.581828
38.580412
38.580412
38.580412
38.579410
38.579410
38.579410
38.578301
38.577454
38.574105
38.571128
38.570149
38.569991
38.569991
38.569991
38.568639
38.564128
38.559437
38.559395
38.559124
38.557187
38.557183
38.556960
38.556514
38.556429
38.556160
38.555921
38.554824
38.554290
38.553715
38.553493
38.552512
38.549790
38.549790
38.549790
38.549278
38.549173
38.547609
38.546809
38.546809
38.543754
38.543754
38.543754
38.543754
38.540906
38.540739
38.538940
38.538940
38.538940
38.538290
38.536977
38.536977
38.536165
38.534893
38.534893
38.532338
38.531746
38.529530
38.529530
38.527770
38.527760
38.522748
38.522748
38.522748
38.522211
38.521170
38.518711
38.517944
38.516773
38.516773
38.516773
38.514715
38.512156
38.509110
38.509068
38.508909
38.508113
38.507727
38.506672
38.504554
38.502093
38.500764
38.498740
38.497079
38.496443
38.496293
38.496100
38.494991
38.494704
38.493751
38.488685
38.487048
38.487048
38.487048
38.484721
38.482351
38.482095
38.481529
38.481529
38.481529
38.481529
38.481529
38.481529
38.481529
38.480574
38.478804
38.478804
38.478804
38.478804
38.478033
38.477564
38.474220
38.473958
38.471541
38.470602
38.470565
38.464357
38.463356
38.462152
38.462050
38.458369
38.457593
38.456442
38.455194
38.454791
38.454495
38.454476
38.454476
38.454124
38.452797
38.450799
38.450799
38.450799
38.450799
38.450799
38.450799
38.450799
38.450799
38.450799
38.450799
38.450799
38.450799
38.450799
38.450799
38.450799
38.450799
38.450799
38.450799
38.450799
38.450799
38.450799
38.450799
38.450799
38.450799
38.450799
38.450799
38.450799
38.450799
38.450799
38.450799
38.450799
38.450799
38.450799
38.450799
38.450799
38.450799
38.450799
38.450799
38.450799
38.450799
38.450799
38.450799
38.450799
38.450799
38.450799
38.450799
38.450799
38.450799
38.450799
38.450799
38.450799
38.450799
38.450799
38.450799
38.450799
38.450799
38.450799
38.450799
38.450799
38.450799
38.450799
38.450799
38.450799
38.450799
38.450799
38.450799
38.450799
38.450799
38.450799
38.450799
38.450799
38.450799
38.450799
38.450799
38.450799
38.450799
38.450799
38.450799
38.450799
38.450799
38.450799
38.450799
38.450799
38.450799
38.450799
38.450799
38.450799
38.450799
38.450799
38.450799
38.450799
38.450799
38.450799
38.450799
38.450799
38.450799
38.450799
38.450799
38.450799
38.450799
38.450799
38.450799
38.450799
38.450799
38.450799
38.450799
38.450799
38.450799
38.450799
38.450799
38.450799
38.450799
38.450799
38.450799
38.450799
38.450799
38.450799
38.450799
38.450799
38.450799
38.450799
38.450799
38.450799
38.450799
38.450799
38.450799
38.450799
38.450799
38.450799
38.450799
38.450799
38.450799
38.450799
38.450799
38.450799
38.450799
38.450799
38.450799
38.450799
38.450799
38.450799
38.450799
38.450799
38.450799
38.450799
38.450799
38.450799
38.450799
38.450799
38.450799
38.450799
38.450799
38.450799
38.450799
38.450799
38.450799
38.450799
38.450799
38.450799
38.450799
38.450799
38.450799
38.450799
38.450799
38.450799
38.450799
38.450799
38.450799
38.450799
38.450799
38.450799
38.450799
38.450799
38.450799
38.450799
38.450799
38.450799
38.450799
38.450799
38.450799
38.450799
38.450799
38.450799
38.450799
38.450799
38.450799
38.450799
38.450799
38.450799
38.450799
38.450799
38.450799
38.450799
38.450799
38.450799
38.450799
38.450799
38.450799
38.450799
38.450799
38.450799
38.450799
38.450799
38.450799
38.450799
38.450799
38.450799
38.450799
38.450799
38.450799
38.450799
38.450799
38.450799
38.450799
38.450799
38.450799
38.450799
38.450799
38.450799
38.450799
38.450799
38.450799
38.450799
38.450799
38.450799
38.450799
38.450799
38.450799
38.450799
38.450799
38.450799
38.450799
38.450799
38.450799
38.450799
38.450799
38.450799
38.450799
38.450799
38.450799
38.450799
38.450799
38.450799
38.450799
38.450799
38.450799
38.450799
38.450799
38.450799
38.450799
38.450799
38.450799
38.450799
38.450799
38.450799
38.450799
38.450799
38.450799
38.450799
38.450799
38.450799
38.450799
38.450799
38.450799
38.450799
38.450799
38.450799
38.450799
38.450799
38.450799
38.450799
38.450799
38.450799
38.450799
38.450799
38.450799
38.450799
38.450799
38.450799
38.450799
38.450799
38.450799
38.450799
38.450799
38.450799
38.450799
38.450799
38.450799
38.450799
38.450799
38.450799
38.450799
38.450799
38.450799
38.450799
38.450799
38.450799
38.450799
38.450799
38.450799
38.450799
38.450799
38.450799
38.450799
38.450799
38.450799
38.450799
38.450799
38.450799
38.450799
38.450799
38.450799
38.450799
38.450799
38.450799
38.450799
38.450799
38.450799
38.450799
38.450799
38.450799
38.450799
38.450799
38.450799
38.450799
38.450799
38.450799
38.450799
38.450799
38.450799
38.450799
38.450799
38.450799
38.450799
38.450799
38.450799
38.450799
38.450799
38.450799
38.450799
38.450799
38.450799
38.450799
38.450799
38.450799
38.450799
38.450799
38.450799
38.450799
38.450799
38.450799
38.450799
38.450799
38.450799
38.450799
38.450799
38.450799
38.450799
38.450799
38.450799
38.450799
38.450799
38.450799
38.450799
38.450799
38.450799
38.450799
38.450799
38.450799
38.450799
38.450799
38.450799
38.450799
38.450799
38.450799
38.450799
38.450799
38.450799
38.450799
38.450799
38.450799
38.450799
38.450799
38.450799
38.450799
38.450799
38.450799
38.450799
38.450799
38.450799
38.450799
38.450799
38.450799
38.450799
38.450799
38.450799
38.450799
38.450799
38.450799
38.450799
38.450799
38.450799
38.450799
38.450799
38.450799
38.450799
38.450799
38.450799
38.450799
38.450799
38.450799
38.450799
38.450799
38.450799
38.450799
38.450799
38.450799
38.450799
38.450799
38.450799
38.450799
38.450799
38.450799
38.450799
38.450799
38.450799
38.450799
38.450799
38.450799
38.450799
38.450799
38.450799
38.450799
38.450799
38.450799
38.450799
38.450799
38.450799
38.450799
38.450799
38.450799
38.450799
38.450799
38.450799
38.450799
38.450799
38.450799
38.450799
38.450799
38.450799
38.450799
38.450799
38.450799
38.450799
38.450799
38.450799
38.450799
38.450799
38.450799
38.450799
38.450799
38.450799
38.450799
38.450799
38.450799
38.450799
38.450799
38.450799
38.450799
38.450799
38.450799
38.450799
38.450799
38.450799
38.450799
38.450799
38.450799
38.450799
38.450799
38.450799
38.450799
38.450799
38.450799
38.450799
38.450799
38.450799
38.450799
38.450799
38.450799
38.450799
38.450799
38.450799
38.450799
38.450799
38.450799
38.450799
38.450799
38.450799
38.450799
38.450799
38.450799
38.450799
38.450799
38.450799
38.450799
38.450799
38.450799
38.450799
38.450799
38.450799
38.450799
38.450799
38.450799
38.450799
38.450799
38.450799
38.450799
38.450799
38.450799
38.450799
38.450799
38.450799
38.450799
38.450799
38.450799
38.450799
38.450799
38.450799
38.450799
38.450799
38.450799
38.450799
38.450799
38.450799
38.450799
38.450799
38.450799
38.450799
38.450799
38.450799
38.450799
38.450799
38.450799
38.450799
38.450799
38.450799
38.450799
38.450799
38.450799
38.450799
38.450799
38.450799
38.450799
38.450799
38.450799
38.450799
38.450799
38.450799
38.450799
38.450799
38.450799
38.450799
38.450799
38.450799
38.450799
38.450799
38.450799
38.450799
38.450799
38.450799
38.450799
38.450799
38.450799
38.450799
38.450799
38.450799
38.450799
38.450799
38.450799
38.450799
38.450799
38.450799
38.450799
38.450799
38.450799
38.450799
38.450799
38.450799
38.450799
38.450799
38.450799
38.450799
38.450799
38.450799
38.450799
38.450799
38.450799
38.450799
38.450799
38.450799
38.450799
38.450799
38.450799
38.450799
38.450799
38.450799
38.450799
38.450799
38.450799
38.450799
38.450799
38.450799
38.450799
38.450799
38.450799
38.450799
38.450799
38.450799
38.450799
38.450799
38.450799
38.450799
38.450799
38.450799
38.450799
38.450799
38.450799
38.450799
38.450799
38.450799
38.450799
38.450799
38.450799
38.450799
38.450799
38.450799
38.450799
38.450799
38.450799
38.450799
38.450799
38.450799
38.450799
38.450799
38.450799
38.450799
38.450799
38.450799
38.450799
38.450799
38.450799
38.450799
38.450799
38.450799
38.450799
38.450799
38.450799
38.450799
38.450799
38.450799
38.450799
38.450799
38.450799
38.450799
38.450799
38.450799
38.450799
38.450799
38.450799
38.450799
38.450799
38.450799
38.450799
38.450799
38.450799
38.450799
38.450799
38.450799
38.450799
38.450799
38.450799
38.450799
38.450799
38.450799
38.450799
38.450799
38.450799
38.450799
38.450799
38.450799
38.450799
38.450799
38.450799
38.450799
38.450799
38.450799
38.450799
38.450799
38.450799
38.450799
38.450799
38.450799
38.450799
38.450799
38.450799
38.450799
38.450799
38.450799
38.450799
38.450799
38.450799
38.450799
38.450799
38.450799
38.450799
38.450799
38.450799
38.450799
38.450799
38.450799
38.450799
38.450799
38.450799
38.450799
38.450799
38.450799
38.450799
38.450799
38.450799
38.450799
38.450799
38.450799
38.450799
38.450799
38.450799
38.450799
38.450799
38.450799
38.450799
38.450799
38.450799
38.450799
38.450799
38.450799
38.450799
38.450799
38.450799
38.450799
38.450799
38.450799
38.450799
38.450799
38.450799
38.450799
38.450799
38.450799
38.450799
38.450799
38.450799
38.450799
38.450799
38.450799
38.450799
38.450799
38.450799
38.450799
38.450799
38.450799
38.450799
38.450799
38.450799
38.450799
38.450799
38.450799
38.450799
38.450799
38.450799
38.450799
38.450799
38.450799
38.450799
38.450799
38.450799
38.450799
38.450799
38.450799
38.450799
38.450799
38.450799
38.450799
38.450799
38.450799
38.450799
38.450799
38.450799
38.450799
38.450799
38.450799
38.450799
38.450799
38.450799
38.450799
38.450799
38.450799
38.450799
38.450799
38.450799
38.450799
38.450799
38.450799
38.450799
38.450799
38.450799
38.450799
38.450799
38.450799
38.450799
38.450799
38.450799
38.450799
38.450799
38.450799
38.450799
38.450799
38.450799
38.450799
38.450799
38.450799
38.450799
38.450799
38.450799
38.450799
38.450799
38.450799
38.450799
38.450799
38.450799
38.450799
38.450799
38.450799
38.450799
38.450799
38.450799
38.450799
38.450799
38.450799
38.450799
38.450799
38.450799
38.450799
38.450799
38.450799
38.450799
38.450799
38.450799
38.450799
38.450799
38.450799
38.450799
38.450799
38.450799
38.450799
38.450799
38.450799
38.450799
38.450799
38.450799
38.450799
38.450799
38.450799
38.450799
38.450799
38.450799
38.450799
38.450799
38.450799
38.450799
38.450799
38.450799
38.450799
38.450799
38.450799
38.450799
38.450799
38.450799
38.450799
38.450799
38.450799
38.450799
38.450799
38.450799
38.450799
38.450799
38.450799
38.450799
38.450799
38.450799
38.450799
38.450799
38.450799
38.450799
38.450799
38.450799
38.450799
38.450799
38.450799
38.450799
38.450799
38.450799
38.450799
38.450799
38.450799
38.450799
38.450799
38.450799
38.450799
38.450799
38.450799
38.450799
38.450799
38.450799
38.450799
38.450799
38.450799
38.450799
38.450799
38.450799
38.450799
38.450799
38.450799
38.450799
38.450799
38.450799
38.450799
38.450799
38.450799
38.450799
38.450799
38.450799
38.450799
38.450799
38.450799
38.450799
38.450799
38.450799
38.450799
38.450799
38.450799
38.450799
38.450799
38.450799
38.450799
38.450799
38.450799
38.450799
38.450799
38.450799
38.450799
38.450799
38.450799
38.450799
38.450799
38.450799
38.450799
38.450799
38.450799
38.450799
38.450799
38.450799
38.450799
38.450799
38.450799
38.450799
38.450799
38.450799
38.450799
38.450799
38.450799
38.450799
38.450799
38.450799
38.450799
38.450799
38.450799
38.450799
38.450799
38.450799
38.450799
38.450799
38.450799
38.450799
38.450799
38.450799
38.450799
38.450799
38.450799
38.450799
38.450799
38.450799
38.450799
38.450799
38.450799
38.450799
38.450799
38.450799
38.450799
38.450799
38.450799
38.450799
38.450799
38.450799
38.450799
38.450799
38.450799
38.450799
38.450799
38.450799
38.450799
38.450799
38.450799
38.450799
38.450799
38.450799
38.450799
38.450799
38.450799
38.450799
38.450799
38.450799
38.450799
38.450799
38.450799
38.450799
38.450799
38.450799
38.450799
38.450799
38.450799
38.450799
38.450799
38.450799
38.450799
38.450799
38.450799
38.450799
38.450799
38.450799
38.449202
38.446726
38.446158
38.445287
38.445287
38.442767
38.442537
38.440749
38.440674
38.440121
38.440121
38.440121
38.440121
38.440018
38.437715
38.435553
38.434934
38.434670
38.434273
38.433322
38.432943
38.430597
38.428264
38.428264
38.428264
38.427630
38.427421
38.426488
38.422351
38.422074
38.422074
38.420270
38.419206
38.419161
38.418946
38.416849
38.416820
38.416820
38.416539
38.416185
38.414391
38.414135
38.411627
38.409977
38.409977
38.407972
38.404279
38.404279
38.404279
38.404279
38.404279
38.404279
38.404279
38.404279
38.404279
38.404279
38.404279
38.404279
38.404279
38.404030
38.403975
38.400641
38.399506
38.396986
38.395978
38.392627
38.392627
38.392576
38.392180
38.392180
38.390535
38.388924
38.388924
38.388924
38.388924
38.387847
38.387458
38.387187
38.387187
38.387021
38.386731
38.382986
38.382521
38.381806
38.381250
38.379522
38.379359
38.379359
38.376401
38.376288
38.373222
38.371567
38.370283
38.369629
38.368181
38.366026
38.366026
38.364116
38.362742
38.361960
38.361960
38.360347
38.360103
38.358678
38.357369
38.356489
38.356267
38.355719
38.354991
38.353947
38.353381
38.349873
38.349024
38.347663
38.346492
38.345605
38.345439
38.345439
38.345439
38.345439
38.345439
38.345439
38.345439
38.344140
38.342976
38.340426
38.339617
38.336252
38.336252
38.335014
38.334266
38.334044
38.333016
38.330301
38.330088
38.330056
38.327667
38.323358
38.323120
38.323120
38.322966
38.322953
38.322953
38.322953
38.320985
38.320610
38.320063
38.317890
38.317736
38.317069
38.316913
38.316839
38.315949
38.315945
38.315562
38.315443
38.312994
38.312496
38.311033
38.309136
38.309136
38.309136
38.309045
38.306837
38.305769
38.304234
38.302062
38.302062
38.301697
38.301356
38.300132
38.299976
38.299976
38.299229
38.298335
38.296505
38.294250
38.294250
38.294004
38.293230
38.292730
38.292035
38.291435
38.289143
38.284226
38.283244
38.282309
38.281823
38.281708
38.277104
38.276446
38.275458
38.273450
38.273011
38.272602
38.272110
38.270672
38.268468
38.267698
38.265396
38.265387
38.262489
38.262108
38.262108
38.262108
38.256367
38.249281
38.248708
38.248708
38.248708
38.248708
38.248708
38.248708
38.248708
38.248708
38.244128
38.243534
38.241848
38.241848
38.239638
38.232957
38.231981
38.228655
38.228532
38.227966
38.227656
38.227656
38.227656
38.227656
38.227656
38.227656
38.227656
38.227656
38.227656
38.227656
38.227656
38.227656
38.227656
38.227656
38.227656
38.227656
38.227656
38.227656
38.227656
38.227656
38.227656
38.227656
38.227656
38.227656
38.227656
38.227656
38.227656
38.227656
38.227656
38.227656
38.227656
38.227656
38.227656
38.227656
38.227656
38.227656
38.227656
38.227656
38.227656
38.227656
38.227656
38.227656
38.226886
38.226886
38.226886
38.226245
38.225205
38.224552
38.222643
38.222643
38.222643
38.222643
38.222643
38.222643
38.222643
38.222643
38.222643
38.222643
38.222643
38.222643
38.222643
38.222643
38.222643
38.222643
38.222643
38.222643
38.222643
38.222643
38.222643
38.222537
38.221428
38.221428
38.221428
38.219764
38.219763
38.219230
38.218731
38.217545
38.216804
38.216413
38.216270
38.216185
38.215735
38.214579
38.214579
38.214043
38.213214
38.211955
38.211605
38.211291
38.211224
38.209145
38.208218
38.207546
38.205865
38.204925
38.204195
38.203684
38.202762
38.202338
38.199385
38.199366
38.199366
38.199366
38.198828
38.193847
38.193847
38.193847
38.193847
38.193847
38.191652
38.191230
38.190035
38.189882
38.189882
38.187910
38.185148
38.182922
38.182360
38.182335
38.179437
38.178627
38.178178
38.178029
38.176363
38.176363
38.175997
38.173325
38.173252
38.170843
38.168505
38.166329
38.165204
38.163252
38.163174
38.162951
38.161538
38.160448
38.157825
38.157605
38.157605
38.157605
38.157605
38.157579
38.156294
38.156098
38.154985
38.154405
38.153632
38.152785
38.152438
38.152438
38.152438
38.152438
38.152393
38.151849
38.151446
38.151184
38.151184
38.150235
38.149694
38.148623
38.147337
38.146407
38.145323
38.144893
38.142915
38.140191
38.138551
38.137648
38.135482
38.134392
38.134392
38.134392
38.134392
38.134392
38.133912
38.133475
38.131918
38.131524
38.131524
38.131524
38.131518
38.129138
38.129138
38.129138
38.129138
38.129133
38.125706
38.123729
38.122295
38.122295
38.122295
38.122295
38.122295
38.120931
38.120422
38.117283
38.117283
38.117283
38.117283
38.117283
38.113246
38.106003
38.106003
38.106003
38.104945
38.104945
38.104945
38.104945
38.104522
38.103773
38.103237
38.102444
38.101812
38.100103
38.099577
38.097988
38.097489
38.097334
38.097027
38.097027
38.096574
38.096274
38.096227
38.095688
38.095486
38.094124
38.094124
38.090149
38.087176
38.087028
38.086745
38.083828
38.083301
38.080814
38.073279
38.072603
38.072525
38.072525
38.072198
38.068592
38.068584
38.068584
38.068584
38.068584
38.068492
38.067084
38.067060
38.064598
38.064199
38.063837
38.062699
38.062667
38.059197
38.057757
38.057757
38.054790
38.054427
38.053798
38.053302
38.052744
38.049752
38.049011
38.048570
38.048570
38.048570
38.048570
38.048570
38.048498
38.047706
38.046923
38.046735
38.046413
38.045334
38.045334
38.045334
38.037124
38.035983
38.035983
38.035983
38.035983
38.035284
38.035284
38.035284
38.035284
38.035145
38.032928
38.032928
38.032928
38.032311
38.026259
38.025630
38.023748
38.021972
38.021972
38.021831
38.021454
38.021454
38.021454
38.021454
38.021454
38.020562
38.020209
38.019703
38.018551
38.018211
38.016549
38.015149
38.014268
38.012654
38.012272
38.011384
38.011384
38.011344
38.006458
38.005947
38.005947
38.005947
38.005947
38.005947
38.005947
38.004788
38.002432
38.001808
38.001628
37.998814
37.998814
37.998814
37.998814
37.998814
37.998814
37.998814
37.998814
37.998814
37.998814
37.998814
37.998814
37.998814
37.998814
37.998814
37.997404
37.994792
37.992959
37.992259
37.992120
37.992120
37.992120
37.992070
37.991773
37.991516
37.990897
37.990755
37.989529
37.988680
37.988637
37.987563
37.986264
37.983832
37.980796
37.980796
37.980796
37.980796
37.980796
37.979479
37.979294
37.979057
37.978989
37.977521
37.976017
37.975608
37.973087
37.973028
37.972764
37.972724
37.972403
37.971292
37.968263
37.965332
37.962648
37.961374
37.958036
37.957991
37.957490
37.957410
37.956311
37.954113
37.949881
37.949158
37.947076
37.946747
37.944485
37.943780
37.941704
37.939974
37.939974
37.939974
37.939974
37.939974
37.939974
37.939974
37.939974
37.939974
37.939974
37.939974
37.939974
37.939974
37.939974
37.939974
37.939974
37.939974
37.939974
37.939974
37.939974
37.939974
37.939974
37.939974
37.939974
37.939974
37.939974
37.939974
37.939974
37.939974
37.939974
37.939974
37.939974
37.939974
37.939974
37.939974
37.939974
37.939974
37.939974
37.939974
37.939974
37.939974
37.939974
37.939974
37.939974
37.939974
37.939974
37.939974
37.939974
37.939974
37.939974
37.939974
37.939974
37.939974
37.939974
37.939974
37.939974
37.939974
37.939974
37.939974
37.939974
37.939974
37.939974
37.939974
37.939974
37.939974
37.939974
37.939974
37.939974
37.939974
37.939974
37.939974
37.939974
37.939974
37.939974
37.939974
37.939974
37.939974
37.939974
37.939974
37.939974
37.939974
37.939974
37.939974
37.939974
37.939974
37.939974
37.939974
37.939974
37.939974
37.939974
37.939974
37.939432
37.939394
37.937878
37.936693
37.936508
37.936508
37.936320
37.934961
37.933969
37.933620
37.933285
37.933285
37.931841
37.929923
37.929025
37.927272
37.925134
37.922400
37.921970
37.920890
37.919945
37.919221
37.916500
37.915999
37.913594
37.913500
37.911374
37.906303
37.906072
37.906072
37.906072
37.906046
37.905949
37.904894
37.901372
37.899329
37.897698
37.896596
37.896084
37.894221
37.893780
37.890825
37.890009
37.888931
37.888785
37.888680
37.888206
37.887926
37.885389
37.882431
37.879341
37.876843
37.875457
37.874493
37.873808
37.872113
37.871203
37.870981
37.870981
37.870981
37.869247
37.868620
37.867509
37.866356
37.864829
37.863878
37.863643
37.862212
37.861107
37.860802
37.858298
37.857033
37.856643
37.854918
37.854918
37.854918
37.854126
37.851900
37.849864
37.842497
37.840699
37.840651
37.836848
37.834613
37.834613
37.834613
37.832328
37.823440
37.822857
37.821941
37.821928
37.819688
37.819412
37.818287
37.816646
37.815542
37.813409
37.812359
37.811011
37.809652
37.809367
37.809362
37.807263
37.807244
37.806615
37.806513
37.805939
37.803511
37.802276
37.798382
37.796873
37.795871
37.793901
37.790791
37.790499
37.790471
37.790050
37.789161
37.788382
37.788382
37.785863
37.782703
37.780073
37.779690
37.776728
37.776366
37.776356
37.773738
37.773203
37.765534
37.761114
37.761040
37.758963
37.758519
37.757910
37.757900
37.757652
37.757652
37.757652
37.757652
37.757652
37.757652
37.757652
37.757652
37.757652
37.757652
37.757652
37.757652
37.754843
37.754648
37.747766
37.746973
37.746973
37.746907
37.745719
37.744582
37.741227
37.737450
37.735117
37.732040
37.729472
37.724088
37.723971
37.723673
37.720972
37.720850
37.720073
37.719356
37.718101
37.717213
37.716830
37.716830
37.716830
37.715733
37.715713
37.714996
37.711818
37.711818
37.711818
37.711818
37.711818
37.711818
37.711818
37.711132
37.711132
37.711132
37.711132
37.711132
37.711132
37.711132
37.711132
37.711132
37.711132
37.711132
37.711132
37.711132
37.711132
37.711132
37.711132
37.711132
37.711132
37.711132
37.711132
37.711132
37.711132
37.706609
37.700447
37.698008
37.692877
37.690443
37.690200
37.688242
37.686212
37.681115
37.680973
37.680542
37.680434
37.680272
37.677674
37.677563
37.675294
37.674271
37.674271
37.674271
37.674271
37.674271
37.674271
37.671964
37.669746
37.667200
37.664168
37.663633
37.663633
37.663496
37.662572
37.660878
37.657646
37.654565
37.654197
37.654074
37.653144
37.651992
37.650421
37.648984
37.647279
37.647125
37.646777
37.645693
37.644292
37.643111
37.642241
37.637016
37.632868
37.630211
37.629819
37.629819
37.629402
37.628678
37.628657
37.627232
37.624778
37.619769
37.617531
37.616978
37.616507
37.616507
37.615672
37.614551
37.611111
37.610855
37.609753
37.609174
37.607479
37.606649
37.606315
37.605188
37.603101
37.603101
37.603101
37.603101
37.603101
37.603101
37.603101
37.603101
37.603101
37.603101
37.603101
37.603101
37.602167
37.600426
37.600426
37.589724
37.589143
37.588022
37.587419
37.587419
37.586654
37.586654
37.585888
37.584700
37.583299
37.583299
37.583299
37.583299
37.583299
37.583299
37.583299
37.579719
37.578172
37.577742
37.575527
37.574947
37.574551
37.574324
37.568427
37.567036
37.561754
37.561662
37.559310
37.559171
37.558929
37.555536
37.555355
37.554003
37.553388
37.551750
37.551727
37.551402
37.549406
37.549406
37.548365
37.547904
37.546944
37.544155
37.543816
37.543816
37.543463
37.542754
37.542748
37.542748
37.540137
37.539496
37.538540
37.537426
37.534509
37.534509
37.534509
37.534509
37.534509
37.534509
37.534509
37.534509
37.534509
37.534509
37.534509
37.534509
37.534509
37.534509
37.534509
37.534509
37.534509
37.534509
37.534509
37.534509
37.534509
37.534509
37.534509
37.534509
37.534509
37.534509
37.534509
37.534509
37.534509
37.534509
37.534509
37.534509
37.534509
37.534509
37.534509
37.534509
37.534509
37.534509
37.534509
37.534509
37.534509
37.534509
37.534509
37.534509
37.534509
37.534509
37.534509
37.534509
37.534509
37.534509
37.534509
37.534509
37.534509
37.534509
37.534509
37.534509
37.534509
37.534509
37.534509
37.534509
37.534509
37.534509
37.534509
37.534509
37.534509
37.534509
37.534509
37.534509
37.534509
37.534509
37.534509
37.534509
37.534509
37.534509
37.534509
37.534509
37.534509
37.534509
37.534509
37.534509
37.534509
37.534509
37.534509
37.534509
37.534509
37.534509
37.534509
37.534509
37.534509
37.534509
37.534509
37.534509
37.534509
37.534509
37.534509
37.534509
37.534509
37.534509
37.534509
37.534509
37.534509
37.534509
37.534509
37.534509
37.534509
37.534509
37.534509
37.534509
37.534509
37.534509
37.534509
37.534509
37.534509
37.534509
37.534509
37.534509
37.534509
37.534509
37.534509
37.534509
37.534509
37.534509
37.534509
37.534509
37.534509
37.534509
37.534509
37.534509
37.534509
37.534509
37.534509
37.534509
37.534509
37.534509
37.534509
37.534509
37.534509
37.534509
37.534509
37.534509
37.534509
37.534509
37.534509
37.534509
37.534509
37.534509
37.534509
37.534509
37.534509
37.534509
37.534509
37.534509
37.534509
37.534509
37.534509
37.534509
37.534509
37.534509
37.533158
37.532510
37.532493
37.529496
37.529496
37.529496
37.529496
37.529496
37.529496
37.529496
37.529496
37.529496
37.529496
37.529496
37.529496
37.529496
37.529496
37.529496
37.529496
37.529496
37.529496
37.529496
37.529496
37.529496
37.529496
37.529496
37.529496
37.529496
37.529496
37.529496
37.529496
37.529496
37.529496
37.529496
37.529496
37.529496
37.529496
37.529496
37.524458
37.524458
37.524458
37.524458
37.524458
37.524458
37.524458
37.524458
37.524458
37.524458
37.524408
37.519903
37.518379
37.514789
37.514408
37.514306
37.509171
37.508083
37.506439
37.499141
37.498352
37.498352
37.498113
37.489535
37.488044
37.487988
37.487988
37.487988
37.487988
37.487988
37.487988
37.487988
37.487988
37.487988
37.487988
37.487988
37.487988
37.487988
37.487988
37.487988
37.487988
37.487988
37.487988
37.487988
37.487988
37.487988
37.487988
37.487988
37.487988
37.487988
37.487988
37.487988
37.487988
37.487988
37.487988
37.487988
37.487988
37.487988
37.487988
37.487988
37.487988
37.487988
37.487988
37.487988
37.487988
37.487988
37.487988
37.487988
37.487988
37.487988
37.487988
37.487988
37.487988
37.487988
37.487988
37.487988
37.487988
37.487988
37.487988
37.487988
37.487988
37.487988
37.487988
37.487988
37.487988
37.487988
37.487988
37.487988
37.487988
37.487988
37.487988
37.487988
37.487988
37.487988
37.487389
37.483574
37.483215
37.483215
37.483215
37.483215
37.483215
37.483215
37.478141
37.476446
37.475265
37.475265
37.472843
37.472792
37.470027
37.470027
37.469955
37.463031
37.461902
37.460622
37.460485
37.457547
37.455422
37.453514
37.447497
37.447497
37.447497
37.444660
37.443313
37.440758
37.440689
37.440328
37.436649
37.435704
37.432684
37.431723
37.429148
37.429148
37.429148
37.429148
37.429148
37.429148
37.429148
37.429148
37.429148
37.429148
37.429148
37.429148
37.429148
37.429148
37.429148
37.429148
37.429148
37.429148
37.429148
37.429148
37.429148
37.429148
37.429148
37.429148
37.429148
37.424358
37.424136
37.423053
37.422967
37.421265
37.421209
37.418540
37.417975
37.414380
37.412906
37.411567
37.411210
37.409960
37.408964
37.406678
37.406666
37.402400
37.400225
37.397887
37.388234
37.383976
37.383747
37.383686
37.382417
37.380656
37.379378
37.375345
37.371990
37.371990
37.369865
37.369669
37.368333
37.366692
37.360954
37.358741
37.355863
37.354909
37.352187
37.352187
37.352187
37.352187
37.347795
37.342237
37.342137
37.342137
37.342137
37.342137
37.342137
37.341118
37.340212
37.340189
37.337030
37.335412
37.334596
37.330579
37.328776
37.324616
37.321467
37.319543
37.318237
37.318237
37.317596
37.313311
37.311248
37.309587
37.308605
37.306441
37.305667
37.304935
37.301170
37.299201
37.298475
37.297569
37.287649
37.287649
37.287649
37.287649
37.287649
37.287649
37.287649
37.287649
37.287649
37.287248
37.286497
37.284373
37.283973
37.283520
37.279885
37.279667
37.279616
37.278846
37.277676
37.277676
37.277676
37.277431
37.273575
37.271714
37.271455
37.270923
37.267810
37.267413
37.263429
37.262526
37.251049
37.250845
37.249037
37.246827
37.246827
37.246827
37.246827
37.246827
37.246827
37.246827
37.246827
37.246827
37.246827
37.246827
37.246827
37.246827
37.246827
37.246827
37.246827
37.246827
37.246827
37.246827
37.246827
37.246827
37.246827
37.246827
37.246338
37.245159
37.245159
37.240138
37.237679
37.236776
37.231666
37.230007
37.222710
37.218227
37.209618
37.209597
37.208224
37.208224
37.206881
37.204699
37.203586
37.203449
37.203449
37.200387
37.198036
37.198036
37.195638
37.195638
37.195451
37.192458
37.186991
37.185660
37.184951
37.184951
37.183697
37.183697
37.180687
37.177834
37.177834
37.177834
37.173920
37.172773
37.165894
37.163496
37.163445
37.163445
37.161771
37.161771
37.161771
37.154295
37.151516
37.151218
37.146927
37.144323
37.143236
37.143236
37.143139
37.138134
37.137717
37.131790
37.131790
37.128274
37.128215
37.122815
37.122155
37.117382
37.116674
37.116490
37.116490
37.114733
37.108766
37.103726
37.103726
37.103726
37.102632
37.100754
37.100754
37.095258
37.095235
37.095235
37.095235
37.095235
37.095235
37.094619
37.091269
37.091269
37.088518
37.088222
37.088222
37.082783
37.074429
37.074429
37.074429
37.074429
37.074357
37.074264
37.073635
37.073635
37.072267
37.072267
37.072267
37.072252
37.071984
37.071984
37.070702
37.070350
37.069434
37.069370
37.066987
37.066987
37.066987
37.066987
37.066987
37.064838
37.064838
37.064838
37.064838
37.064838
37.064727
37.064727
37.064727
37.064727
37.064727
37.064727
37.064727
37.064727
37.064727
37.064727
37.064727
37.064556
37.064556
37.064556
37.064505
37.064505
37.064505
37.064505
37.064505
37.064505
37.064505
37.062651
37.059026
37.057659
37.055982
37.051622
37.051622
37.051622
37.048376
37.048259
37.038785
37.035780
37.032912
37.032912
37.030525
37.030525
37.030377
37.029253
37.023683
37.023683
37.023683
37.023683
37.023683
37.023683
37.023683
37.023683
37.023683
37.023683
37.023683
37.023683
37.023254
37.021932
37.018671
37.018671
37.018671
37.014073
37.013434
37.010931
37.009778
37.007391
37.006333
37.006333
37.000716
37.000478
36.998365
36.997904
36.997339
36.990777
36.989029
36.988404
36.974893
36.974261
36.974143
36.974143
36.974143
36.969982
36.969972
36.969340
36.963509
36.962471
36.961850
36.959618
36.959145
36.958039
36.954567
36.954406
36.954197
36.954197
36.954132
36.951643
36.951471
36.949958
36.949958
36.949325
36.949325
36.949325
36.945722
36.945492
36.945492
36.944937
36.938884
36.937371
36.937371
36.936672
36.936672
36.936672
36.936672
36.936672
36.936672
36.936672
36.936672
36.934316
36.929521
36.929412
36.927444
36.926621
36.923360
36.923360
36.922842
36.921726
36.918045
36.918045
36.918045
36.917919
36.915819
36.911613
36.907335
36.906191
36.900202
36.899630
36.898474
36.895996
36.895650
36.895599
36.894703
36.894490
36.890152
36.888589
36.862751
36.862358
36.859906
36.856560
36.856560
36.856560
36.856560
36.856560
36.856560
36.856560
36.856560
36.856560
36.856560
36.856560
36.856560
36.856560
36.856560
36.856560
36.856560
36.856560
36.856560
36.856560
36.856560
36.856560
36.856560
36.856560
36.856560
36.856560
36.856560
36.856560
36.856560
36.856560
36.856560
36.856560
36.856560
36.856560
36.856560
36.856560
36.856560
36.856560
36.856560
36.856560
36.856560
36.856560
36.856560
36.856560
36.856560
36.856560
36.856560
36.856560
36.856560
36.856560
36.856560
36.856560
36.856560
36.856560
36.856560
36.856560
36.856560
36.856560
36.856560
36.856560
36.856560
36.856560
36.856560
36.856560
36.856560
36.856560
36.856560
36.856560
36.856560
36.856560
36.856560
36.856560
36.856560
36.856560
36.856560
36.856560
36.856560
36.856560
36.856560
36.856560
36.856560
36.856560
36.856560
36.856560
36.856560
36.856560
36.856560
36.856560
36.856560
36.856560
36.856560
36.856560
36.856560
36.856560
36.856560
36.856560
36.856560
36.856560
36.856560
36.856560
36.856560
36.856560
36.856560
36.856560
36.856560
36.856560
36.856560
36.856560
36.856560
36.856560
36.856560
36.856560
36.856560
36.856560
36.856560
36.856560
36.856560
36.856560
36.856560
36.856560
36.856560
36.856560
36.856560
36.856560
36.856560
36.856560
36.856560
36.856560
36.856560
36.856560
36.856560
36.856560
36.856560
36.856560
36.856560
36.856560
36.856560
36.856560
36.856560
36.856560
36.856560
36.856560
36.856560
36.856560
36.856560
36.856560
36.856560
36.856560
36.856560
36.856560
36.856560
36.856560
36.856560
36.856560
36.856560
36.856560
36.856560
36.856560
36.856560
36.856560
36.856560
36.856560
36.856560
36.856560
36.856560
36.856560
36.856560
36.856560
36.856560
36.856560
36.856560
36.856560
36.856560
36.856560
36.856560
36.856560
36.856560
36.856560
36.856560
36.856560
36.856560
36.856560
36.856560
36.856560
36.856560
36.856560
36.856560
36.856560
36.856560
36.856560
36.856560
36.856560
36.856560
36.856560
36.856560
36.856560
36.856560
36.856560
36.856560
36.856560
36.856560
36.856560
36.856560
36.856560
36.856560
36.856560
36.856560
36.856560
36.856560
36.856560
36.856560
36.856560
36.856560
36.856560
36.856560
36.856560
36.856560
36.856560
36.856560
36.856560
36.856560
36.856560
36.856560
36.856560
36.856560
36.856560
36.856560
36.856560
36.856560
36.856560
36.856560
36.856560
36.856560
36.856560
36.856560
36.856560
36.856560
36.856560
36.856560
36.856560
36.856560
36.856560
36.856560
36.856560
36.856560
36.856560
36.856560
36.856560
36.856560
36.856560
36.856560
36.856560
36.856560
36.856560
36.856560
36.856560
36.856560
36.856560
36.856560
36.856560
36.856560
36.856560
36.856560
36.856560
36.856560
36.856560
36.856560
36.856560
36.856560
36.856560
36.856560
36.856560
36.856560
36.856560
36.856560
36.856560
36.856560
36.856560
36.856560
36.856560
36.856560
36.856560
36.856560
36.856560
36.856560
36.856560
36.856560
36.856560
36.856560
36.856560
36.856560
36.856560
36.856560
36.856560
36.856560
36.856560
36.856560
36.856560
36.856560
36.856560
36.856560
36.856560
36.856560
36.856560
36.856560
36.856560
36.856560
36.856560
36.856560
36.856560
36.856560
36.856560
36.856560
36.856560
36.856560
36.856560
36.856560
36.856560
36.856560
36.856560
36.856560
36.856560
36.856560
36.856560
36.856560
36.856560
36.856560
36.856560
36.856560
36.856560
36.856560
36.856560
36.856560
36.856560
36.856560
36.856560
36.856560
36.856560
36.856560
36.856560
36.856560
36.856560
36.856560
36.856560
36.856560
36.856560
36.856560
36.856560
36.856560
36.856560
36.856560
36.856560
36.856560
36.856560
36.856560
36.856560
36.856560
36.856560
36.856560
36.856560
36.856560
36.856560
36.856560
36.856560
36.856560
36.856560
36.856560
36.856560
36.856560
36.856560
36.856560
36.856560
36.856560
36.856560
36.856560
36.856560
36.856560
36.856560
36.856560
36.856560
36.856560
36.856560
36.856560
36.856560
36.856560
36.856560
36.856560
36.856560
36.856560
36.856560
36.856560
36.856560
36.856560
36.856560
36.856560
36.856560
36.856560
36.856560
36.856560
36.856560
36.856560
36.856560
36.856560
36.856560
36.856560
36.856560
36.856560
36.856560
36.856560
36.856560
36.856560
36.856560
36.856560
36.856560
36.856560
36.856560
36.856560
36.856560
36.856560
36.856560
36.856560
36.856560
36.856560
36.856560
36.856560
36.856560
36.856560
36.856560
36.856560
36.856560
36.856560
36.856560
36.856560
36.856560
36.856560
36.856560
36.856560
36.856560
36.856560
36.856560
36.856560
36.856560
36.856560
36.856560
36.856560
36.856560
36.856560
36.856560
36.856560
36.856560
36.856560
36.856560
36.856560
36.856560
36.856560
36.856560
36.856560
36.856560
36.856560
36.856560
36.856560
36.856560
36.856560
36.856560
36.856560
36.856560
36.856560
36.856560
36.856560
36.856560
36.856560
36.856560
36.856560
36.856560
36.856560
36.856560
36.856560
36.856560
36.856560
36.856560
36.856560
36.856560
36.856560
36.856560
36.856560
36.856560
36.856560
36.856560
36.856560
36.856560
36.856560
36.856560
36.856560
36.856560
36.856560
36.856560
36.856560
36.856560
36.856560
36.856560
36.856560
36.856560
36.856560
36.856560
36.856560
36.856560
36.856560
36.856560
36.856560
36.856560
36.856560
36.856560
36.856560
36.856560
36.856560
36.856560
36.856560
36.856560
36.856560
36.856560
36.856560
36.856560
36.856560
36.856560
36.856560
36.856560
36.856560
36.856560
36.856560
36.856560
36.856560
36.856560
36.856560
36.856560
36.856560
36.856560
36.856560
36.856560
36.856560
36.856560
36.856560
36.856560
36.856560
36.856560
36.856560
36.856560
36.856560
36.856560
36.856560
36.856560
36.856560
36.856560
36.856560
36.856560
36.856560
36.856560
36.856560
36.856560
36.856560
36.856560
36.856560
36.856560
36.856560
36.856560
36.856560
36.856560
36.856560
36.856560
36.856560
36.856560
36.856560
36.856560
36.856560
36.856560
36.856560
36.856560
36.856560
36.856560
36.856560
36.856560
36.856560
36.856560
36.856560
36.856560
36.856560
36.856560
36.856560
36.856560
36.856560
36.856560
36.856560
36.856560
36.856560
36.856560
36.856560
36.856560
36.856460
36.856460
36.856360
36.856260
36.856160
36.856160
36.856060
36.855960
36.855960
36.855860
36.855860
36.855760
36.855760
36.855661
36.855661
36.855560
36.855560
36.855461
36.855461
36.855360
36.855360
36.855260
36.855260
36.855160
36.855160
36.855060
36.855060
36.854961
36.854961
36.854860
36.854860
36.854760
36.854760
36.854661
36.854661
36.854560
36.854560
36.854485
36.854460
36.854460
36.854361
36.854361
36.854260
36.854260
36.854160
36.854061
36.854061
36.853961
36.853961
36.853860
36.853860
36.853760
36.853760
36.853661
36.853661
36.853561
36.853561
36.853460
36.853460
36.853360
36.853260
36.853260
36.853161
36.853161
36.853061
36.853061
36.852960
36.852960
36.852860
36.852760
36.852660
36.852660
36.852561
36.852561
36.852461
36.852361
36.852261
36.852160
36.852160
36.851960
36.851960
36.851860
36.851860
36.851760
36.851760
36.851660
36.851660
36.851560
36.851560
36.851460
36.851460
36.851360
36.851360
36.851260
36.851260
36.851160
36.851160
36.851060
36.851060
36.850960
36.850960
36.850860
36.850860
36.850760
36.850760
36.850660
36.850660
36.850560
36.850560
36.850525
36.850461
36.850461
36.850361
36.850361
36.850261
36.850261
36.850161
36.850161
36.850061
36.850061
36.849960
36.849960
36.849960
36.849860
36.849860
36.849760
36.849760
36.849661
36.849661
36.849561
36.849561
36.849461
36.849461
36.849393
36.849360
36.849360
36.849260
36.849260
36.849161
36.849161
36.849061
36.849061
36.848961
36.848961
36.848860
36.848860
36.848761
36.848761
36.848661
36.848661
36.848561
36.848561
36.848460
36.848460
36.848361
36.848261
36.848261
36.848160
36.848160
36.848061
36.848061
36.847961
36.847961
36.847860
36.847761
36.847761
36.847661
36.847661
36.847560
36.847461
36.847461
36.847360
36.847360
36.847261
36.847261
36.847161
36.847161
36.847060
36.847060
36.846961
36.846860
36.846860
36.846826
36.846761
36.846761
36.846660
36.846660
36.846561
36.846561
36.846460
36.846361
36.846361
36.846260
36.846161
36.846060
36.846060
36.845961
36.845961
36.845954
36.845860
36.845860
36.845761
36.845661
36.845661
36.845561
36.845461
36.845461
36.845360
36.845360
36.845354
36.845261
36.845261
36.845161
36.845161
36.845061
36.844961
36.844860
36.844860
36.844761
36.844661
36.844560
36.844560
36.844461
36.844461
36.844361
36.844361
36.844261
36.844261
36.844161
36.844161
36.844061
36.844061
36.843961
36.843961
36.843861
36.843861
36.843761
36.843761
36.843661
36.843661
36.843561
36.843461
36.843461
36.843360
36.843360
36.843261
36.843261
36.843161
36.843161
36.843061
36.842961
36.842861
36.842761
36.842761
36.842661
36.842561
36.842561
36.842461
36.842361
36.842361
36.842361
36.842261
36.842261
36.842161
36.842161
36.842061
36.842061
36.841961
36.841961
36.841861
36.841761
36.841761
36.841661
36.841661
36.841661
36.841561
36.841561
36.841461
36.841461
36.841461
36.841361
36.841361
36.841361
36.841361
36.841361
36.841361
36.841361
36.841361
36.841361
36.841361
36.841361
36.841361
36.841361
36.841361
36.841361
36.841361
36.841361
36.841361
36.841361
36.841361
36.841361
36.841361
36.841361
36.841361
36.841361
36.841361
36.841361
36.841361
36.841361
36.841361
36.841361
36.841361
36.841361
36.841361
36.841361
36.841361
36.841361
36.841361
36.841361
36.841361
36.841361
36.841361
36.841361
36.841361
36.841361
36.841361
36.841361
36.841361
36.841361
36.841361
36.841361
36.841361
36.841361
36.841361
36.841361
36.841361
36.841361
36.841361
36.841361
36.841361
36.841361
36.841361
36.841361
36.841361
36.841361
36.841361
36.841361
36.841361
36.841361
36.841361
36.841361
36.841361
36.841361
36.841361
36.841361
36.841361
36.841361
36.841361
36.841361
36.841361
36.841361
36.841361
36.841361
36.841361
36.841361
36.841361
36.841361
36.841361
36.841361
36.841361
36.841361
36.841361
36.841361
36.841361
36.841361
36.841361
36.841361
36.841361
36.841361
36.841361
36.841361
36.841361
36.841361
36.841361
36.841361
36.841361
36.841361
36.841361
36.841361
36.841361
36.841361
36.841361
36.841361
36.841361
36.841361
36.841361
36.841361
36.841361
36.841361
36.841361
36.841361
36.841361
36.841361
36.841361
36.841361
36.841361
36.841361
36.841361
36.841361
36.841361
36.841361
36.841361
36.841361
36.841361
36.841361
36.841361
36.841361
36.841361
36.841361
36.841361
36.841361
36.841361
36.841361
36.841361
36.841361
36.841361
36.841361
36.841361
36.841361
36.841361
36.841361
36.841361
36.841361
36.841361
36.841361
36.841361
36.841361
36.841361
36.841361
36.841361
36.841361
36.841361
36.841361
36.841361
36.841361
36.841361
36.841361
36.841361
36.841361
36.841361
36.841361
36.841361
36.841361
36.841361
36.841361
36.841361
36.841361
36.841361
36.841361
36.841361
36.841361
36.841361
36.841361
36.841361
36.841361
36.841361
36.841361
36.841361
36.841361
36.841361
36.841361
36.841361
36.841361
36.841361
36.841361
36.841361
36.841361
36.841361
36.841361
36.841361
36.841361
36.841361
36.841361
36.841361
36.841361
36.841361
36.841361
36.841361
36.841361
36.841361
36.841361
36.841361
36.841361
36.841361
36.841361
36.841361
36.841361
36.841361
36.841361
36.841361
36.841361
36.841361
36.841361
36.841361
36.841361
36.841361
36.841361
36.841361
36.841361
36.841361
36.841361
36.841361
36.841361
36.841361
36.841361
36.841361
36.841361
36.841361
36.841361
36.841361
36.841361
36.841361
36.841361
36.841361
36.841361
36.841361
36.841361
36.841361
36.841361
36.841361
36.841361
36.841361
36.841361
36.841361
36.841361
36.841361
36.841361
36.841361
36.841361
36.841361
36.841361
36.841361
36.841361
36.841361
36.841361
36.841361
36.841361
36.841361
36.841361
36.841361
36.841361
36.841361
36.841361
36.841361
36.841361
36.841361
36.841361
36.841361
36.841361
36.841361
36.841361
36.841361
36.841361
36.841361
36.841361
36.841361
36.841361
36.841361
36.841361
36.841361
36.841361
36.841361
36.841361
36.841361
36.841361
36.841361
36.841361
36.841361
36.841361
36.841361
36.841361
36.841361
36.841361
36.841361
36.841361
36.841361
36.841361
36.841361
36.841361
36.841361
36.841361
36.841361
36.841361
36.841361
36.841361
36.841361
36.841361
36.841361
36.841361
36.841361
36.841361
36.841361
36.841361
36.841361
36.841361
36.841361
36.841361
36.841361
36.841361
36.841361
36.841361
36.841361
36.841361
36.841361
36.841361
36.841361
36.841361
36.841361
36.841361
36.841361
36.841361
36.841361
36.841361
36.841361
36.841361
36.841361
36.841361
36.841361
36.841361
36.841361
36.841361
36.841361
36.841361
36.841361
36.841361
36.841361
36.841361
36.841361
36.841361
36.841361
36.841361
36.841361
36.841361
36.841361
36.841361
36.841361
36.841361
36.841361
36.841361
36.841361
36.841361
36.841361
36.841361
36.841361
36.841361
36.841361
36.841361
36.841361
36.841361
36.841361
36.841361
36.841361
36.841361
36.841361
36.841361
36.841361
36.841361
36.841361
36.841361
36.841361
36.841361
36.841361
36.841361
36.841361
36.841361
36.841361
36.841361
36.841361
36.841361
36.841361
36.841361
36.841361
36.841361
36.841361
36.841361
36.841361
36.841361
36.841361
36.841361
36.841361
36.841361
36.841361
36.841361
36.841361
36.841361
36.841361
36.841361
36.841361
36.841361
36.841361
36.841361
36.841361
36.841361
36.841361
36.841361
36.841361
36.841361
36.841361
36.841361
36.841361
36.841361
36.841361
36.841361
36.841361
36.841361
36.841361
36.841361
36.841361
36.841361
36.841361
36.841361
36.841361
36.841361
36.841361
36.841361
36.841361
36.841361
36.841361
36.841361
36.841361
36.841361
36.841361
36.841361
36.841361
36.841361
36.841361
36.841361
36.841361
36.841361
36.841360
36.841323
36.841261
36.841261
36.841261
36.841261
36.841261
36.841261
36.841261
36.841261
36.841261
36.841261
36.841261
36.841261
36.841261
36.841261
36.841261
36.841161
36.840661
36.840661
36.840661
36.840358
36.838357
36.836797
36.836349
36.831311
36.831311
36.831311
36.831311
36.831311
36.831311
36.831311
36.827193
36.809290
36.800539
36.793558
36.793373
36.790068
36.790068
36.789402
36.780183
36.777314
36.776823
36.776823
36.776823
36.776823
36.776823
36.776823
36.776823
36.776823
36.776823
36.776823
36.764399
36.746050
36.746050
36.746050
36.736001
36.736001
36.736001
36.736001
36.736001
36.736001
36.736001
36.736001
36.736001
36.736001
36.736001
36.736001
36.736001
36.736001
36.736001
36.736001
36.736001
36.736001
36.736001
36.736001
36.732910
36.724828
36.724828
36.716197
36.715776
36.713528
36.713528
36.707798
36.707798
36.707798
36.707798
36.707798
36.707798
36.707798
36.707798
36.707782
36.707782
36.707475
36.707475
36.707475
36.707475
36.707475
36.706941
36.704502
36.702099
36.702099
36.699531
36.699531
36.692940
36.692940
36.681512
36.681512
36.681512
36.678843
36.670212
36.670212
36.659938
36.659938
36.659938
36.659938
36.659040
36.659040
36.659040
36.659040
36.654171
36.654171
36.647989
36.647888
36.642911
36.637061
36.626249
36.622225
36.618218
36.618218
36.618218
36.618218
36.618218
36.618218
36.615554
36.615554
36.615554
36.605639
36.604972
36.594501
36.594501
36.594501
36.594501
36.594501
36.592767
36.579997
36.572943
36.557671
36.553679
36.553679
36.537550
36.532301
36.526651
36.526651
36.524608
36.493696
36.484687
36.484687
36.462083
36.443527
36.443527
36.437595
36.431369
36.430125
36.420529
36.420529
36.420529
36.407637
36.379326
36.345572
36.339345
36.336369
36.334951
36.330536
36.330536
36.330536
36.330536
36.330536
36.330536
36.330536
36.330536
36.330536
36.330536
36.330536
36.330536
36.330536
36.320861
36.320486
36.316834
36.310541
36.310541
36.310541
36.293180
36.281435
36.279243
36.245341
36.243524
36.243524
36.243524
36.188788
36.173884
36.150925
36.150216
36.148214
36.148214
36.148214
36.148214
36.148214
36.148214
36.148214
36.148214
36.148214
36.148214
36.148214
36.148214
36.148214
36.148214
36.148214
36.148214
36.148214
36.148214
36.148214
36.148214
36.148214
36.148214
36.148214
36.148214
36.148214
36.148214
36.148214
36.148214
36.148214
36.148214
36.148214
36.148214
36.148214
36.148214
36.148214
36.148214
36.148214
36.148214
36.148214
36.148214
36.148214
36.148214
36.148214
36.148214
36.148214
36.148214
36.148214
36.148214
36.148214
36.148214
36.148214
36.148214
36.148214
36.148214
36.148214
36.148214
36.148214
36.148214
36.148214
36.148214
36.148214
36.148214
36.148214
36.148214
36.148214
36.128350
36.128167
36.128012
36.127983
36.127595
36.127595
36.107392
36.099423
36.099423
36.064833
36.052903
36.052903
36.042854
36.042852
36.008446
35.977099
35.976203
35.976203
35.973861
35.973861
35.954630
35.949763
35.949763
35.949763
35.927827
35.927827
35.927817
35.925071
35.925071
35.925071
35.925071
35.925071
35.925071
35.925071
35.925071
35.925071
35.919088
35.881568
35.858576
35.857934
35.857929
35.857929
35.857929
35.857201
35.857201
35.857201
35.857201
35.857201
35.857201
35.848730
35.819710
35.819710
35.813273
35.791539
35.759836
35.745250
35.742748
35.705515
35.686179
35.672614
35.670179
35.660040
35.657590
35.647438
35.647339
35.637389
35.637389
35.637389
35.637389
35.637389
35.637389
35.637389
35.637389
35.637389
35.637389
35.637389
35.637389
35.637389
35.637389
35.637389
35.637389
35.637389
35.637389
35.637389
35.637389
35.637389
35.637389
35.637389
35.637389
35.637389
35.637389
35.637389
35.637389
35.637389
35.637389
35.637389
35.637389
35.637389
35.637389
35.637389
35.637389
35.637389
35.637389
35.637389
35.637389
35.637389
35.637389
35.637389
35.637389
35.637389
35.637389
35.636291
35.612625
35.575123
35.573127
35.542078
35.542078
35.538599
35.535762
35.523507
35.516997
35.490693
35.455067
35.414245
35.414245
35.388927
35.371686
35.371686
35.371686
35.366826
35.363745
35.342570
35.337283
35.295677
35.280714
35.280714
35.280714
35.280714
35.280714
35.280709
35.280318
35.244988
35.231924
35.231924
35.231924
35.231924
35.231924
35.231924
35.231924
35.231924
35.231924
35.231924
35.231924
35.231924
35.231924
35.231924
35.231924
35.231924
35.231924
35.231924
35.231924
35.231924
35.231924
35.231924
35.231924
35.231924
35.231924
35.231924
35.231924
35.231924
35.231924
35.231924
35.231924
35.231924
35.231924
35.231924
35.231924
35.231924
35.231924
35.231924
35.231924
35.231924
35.231924
35.231924
35.231924
35.231924
35.231924
35.231924
35.231924
35.231924
35.231924
35.231924
35.231924
35.231924
35.231924
35.231924
35.231924
35.231924
35.231924
35.231924
35.231924
35.231924
35.231924
35.231924
35.231924
35.231924
35.231924
35.231924
35.231924
35.231924
35.231924
35.231924
35.231924
35.231924
35.231924
35.231924
35.231924
35.231924
35.231924
35.231924
35.231924
35.231924
35.231924
35.231924
35.231924
35.231924
35.231924
35.231924
35.231924
35.231924
35.231924
35.231924
35.231924
35.231924
35.231924
35.231924
35.231924
35.231924
35.231924
35.231924
35.231924
35.231924
35.231924
35.231924
35.231924
35.231924
35.231924
35.231924
35.231924
35.231924
35.231924
35.231924
35.231924
35.231924
35.231924
35.231924
35.231924
35.231924
35.231924
35.231924
35.231924
35.231924
35.231924
35.231924
35.231924
35.231924
35.231924
35.231924
35.231924
35.231924
35.231924
35.231924
35.231924
35.231924
35.231924
35.231924
35.231924
35.231924
35.231924
35.231924
35.231924
35.231924
35.231924
35.231924
35.231924
35.231924
35.231924
35.231924
35.231924
35.231924
35.231924
35.231924
35.231924
35.231924
35.231924
35.231924
35.231924
35.231924
35.231924
35.231924
35.231924
35.231924
35.231924
35.231924
35.231924
35.231924
35.231924
35.231924
35.231924
35.231924
35.231924
35.231924
35.231924
35.231924
35.231924
35.231924
35.231924
35.231924
35.231924
35.231924
35.231924
35.231924
35.231924
35.231924
35.231924
35.231924
35.231924
35.231924
35.231924
35.231924
35.231924
35.231924
35.231924
35.231924
35.231924
35.231924
35.231924
35.231924
35.231924
35.231924
35.231924
35.231924
35.231924
35.231924
35.231924
35.231924
35.231924
35.231924
35.231924
35.231924
35.231924
35.231924
35.231924
35.231924
35.231924
35.231924
35.231924
35.231924
35.231924
35.231924
35.231924
35.231924
35.231924
35.231924
35.231924
35.231924
35.231924
35.231924
35.231924
35.231924
35.231924
35.231924
35.231924
35.231924
35.231924
35.231924
35.231924
35.231924
35.231924
35.231924
35.231924
35.231924
35.231924
35.231924
35.231924
35.231924
35.231924
35.231924
35.231924
35.231924
35.231924
35.231924
35.231924
35.231924
35.231924
35.231924
35.231924
35.231924
35.231924
35.231924
35.231924
35.231924
35.231924
35.231924
35.231924
35.231924
35.231924
35.231924
35.231924
35.231924
35.231924
35.231924
35.231924
35.231924
35.231924
35.231924
35.231924
35.231924
35.231924
35.231924
35.231924
35.231924
35.231924
35.231924
35.231924
35.231924
35.231924
35.231924
35.231924
35.231924
35.231924
35.231924
35.231924
35.231924
35.231924
35.231924
35.231924
35.231924
35.231924
35.231924
35.231924
35.231924
35.231924
35.231924
35.231924
35.231924
35.231924
35.231924
35.231924
35.231924
35.231924
35.231924
35.231924
35.231924
35.231924
35.231924
35.231924
35.231924
35.231924
35.231924
35.231924
35.231924
35.231924
35.231924
35.231924
35.231924
35.231924
35.231924
35.231924
35.231924
35.231924
35.231924
35.231924
35.231924
35.231924
35.231924
35.231924
35.231924
35.231924
35.231924
35.231924
35.231924
35.231924
35.231924
35.231924
35.231924
35.231924
35.231924
35.231924
35.231924
35.231924
35.231924
35.231924
35.231924
35.231924
35.231924
35.231924
35.231924
35.231924
35.231924
35.231924
35.231924
35.231924
35.231924
35.231924
35.231924
35.231924
35.231924
35.231924
35.231924
35.231924
35.231924
35.231924
35.231924
35.231924
35.231924
35.231924
35.231924
35.231924
35.231924
35.231924
35.231924
35.231924
35.231924
35.231924
35.231924
35.231924
35.231924
35.231924
35.231924
35.231924
35.231924
35.231924
35.231924
35.231924
35.231924
35.231924
35.231924
35.231924
35.231924
35.231924
35.231924
35.231924
35.231924
35.231924
35.231924
35.231924
35.231924
35.231924
35.231924
35.231924
35.231924
35.231924
35.231924
35.231924
35.231924
35.231924
35.231924
35.231924
35.231924
35.231924
35.231924
35.231924
35.231924
35.231924
35.231924
35.231924
35.231924
35.231924
35.231924
35.231924
35.231924
35.231924
35.231924
35.231924
35.231924
35.231924
35.214218
35.211823
35.190779
35.190779
35.188578
35.180630
35.180630
35.180630
35.136612
35.136612
35.127563
35.126563
35.106383
35.105657
35.105657
35.094648
35.063020
35.033473
35.025447
35.010429
35.010429
35.010429
35.010429
35.010416
35.008780
35.008780
35.008780
34.995353
34.964044
34.964044
34.954291
34.944242
34.944242
34.944242
34.944242
34.944242
34.944242
34.944242
34.944242
34.944242
34.944242
34.944242
34.944242
34.944242
34.944242
34.944242
34.944242
34.944242
34.944242
34.944242
34.944242
34.944242
34.944242
34.944242
34.944242
34.944242
34.944242
34.944242
34.944242
34.944242
34.944242
34.919976
34.919101
34.919101
34.919101
34.919101
34.919088
34.895450
34.895450
34.831446
34.825030
34.819925
34.813206
34.813206
34.813206
34.811456
34.811456
34.804474
34.804474
34.804474
34.794023
34.747691
34.732359
34.721098
34.721098
34.721098
34.721098
34.714711
34.709953
34.702077
34.688049
34.688049
34.684953
34.684953
34.684953
34.683413
34.678799
34.675734
34.644136
34.643136
34.643136
34.634087
34.615460
34.615460
34.615460
34.615460
34.574076
34.560332
34.554906
34.544977
34.540106
34.540106
34.538776
34.538776
34.538776
34.538776
34.538776
34.538776
34.538776
34.538776
34.538776
34.538776
34.538776
34.538776
34.538776
34.538776
34.538776
34.538776
34.538776
34.538776
34.538776
34.538776
34.538776
34.538776
34.538776
34.538776
34.538776
34.538776
34.538776
34.538776
34.538776
34.538776
34.538776
34.538776
34.538776
34.538776
34.538776
34.538776
34.538776
34.538776
34.538776
34.538776
34.538776
34.538776
34.538776
34.538776
34.538776
34.538776
34.538776
34.538776
34.538776
34.538776
34.538776
34.538776
34.538776
34.538776
34.538776
34.538776
34.538776
34.538776
34.538776
34.538776
34.538776
34.538776
34.538776
34.538776
34.538776
34.538776
34.538776
34.538776
34.538776
34.538776
34.538776
34.538776
34.538776
34.538776
34.538776
34.538776
34.538776
34.538776
34.538776
34.538776
34.538776
34.538776
34.538776
34.538776
34.538776
34.538776
34.538776
34.538776
34.538776
34.538776
34.538776
34.538776
34.538776
34.538776
34.538776
34.538776
34.538776
34.538776
34.538776
34.538776
34.538776
34.538776
34.538776
34.538776
34.538776
34.538776
34.538776
34.538776
34.538776
34.538776
34.538776
34.538776
34.538776
34.538776
34.538776
34.538776
34.538776
34.538776
34.538776
34.538776
34.538776
34.538776
34.538776
34.538776
34.538776
34.538776
34.538776
34.538776
34.538776
34.538776
34.538776
34.538776
34.538776
34.538776
34.538776
34.538776
34.538776
34.538776
34.538776
34.538776
34.538776
34.538776
34.538776
34.538776
34.538776
34.538776
34.538776
34.538776
34.538776
34.538776
34.538776
34.538776
34.538776
34.538776
34.538776
34.538776
34.538776
34.538776
34.538776
34.538776
34.538776
34.538776
34.538776
34.538776
34.538776
34.538776
34.538776
34.538776
34.538776
34.538776
34.538776
34.538776
34.538776
34.538776
34.538776
34.538776
34.538776
34.538776
34.538776
34.538776
34.538776
34.538776
34.528726
34.528726
34.528726
34.528726
34.501801
34.496985
34.494751
34.489985
34.483126
34.448326
34.443465
34.443465
34.443465
34.443465
34.443465
34.443465
34.374008
34.316158
34.315633
34.307664
34.307664
34.284645
34.279228
34.277412
34.251094
34.251094
34.251094
34.251094
34.209466
34.203248
34.182101
34.182101
34.182101
34.182101
34.182101
34.165827
34.164912
34.164912
34.135968
34.134186
34.134186
34.117426
34.107993
34.088120
34.077978
34.027951
34.027951
34.027951
34.027951
34.002428
33.995755
33.845629
33.845629
33.845629
33.845629
33.845629
33.845629
33.796838
33.750307
33.750307
33.750307
33.750307
33.750307
33.622486
33.619983
33.597860
33.544524
33.440154
33.430114
33.383594
33.364201
33.344853
33.334804
33.334804
33.334804
33.334804
33.334804
33.334804
33.334804
33.334804
33.334804
33.334804
33.334804
33.334804
33.334804
33.334804
33.334804
33.334804
33.334804
33.334804
33.334804
33.334804
33.334804
33.334804
33.334804
33.334804
33.334804
33.334804
33.334804
33.334804
33.334804
33.334804
33.334804
33.334804
33.334804
33.334804
33.334804
33.334804
33.334804
33.334804
33.334804
33.334804
33.334804
33.334804
33.334804
33.334804
33.334804
33.334804
33.334804
33.334804
33.334804
33.334804
33.334804
33.334804
33.334804
33.334804
33.334804
33.334804
33.334804
33.334804
33.334804
33.334804
33.334804
33.334804
33.334804
33.334804
33.334804
33.334804
33.334804
33.334804
33.334804
33.334804
33.334804
33.334804
33.334804
33.334804
33.334804
33.334804
33.334804
33.334804
33.334804
33.334804
33.334804
33.334804
33.334804
33.334804
33.334804
33.334804
33.334804
33.334804
33.334804
33.334804
33.334804
33.334804
33.334804
33.334804
33.334804
33.334804
33.334804
33.334804
33.334804
33.334804
33.334804
33.334804
33.334804
33.334804
33.334804
33.334804
33.334804
33.334804
33.334804
33.334804
33.334804
33.334804
33.334804
33.334804
33.334804
33.334804
33.334804
33.334804
33.334804
33.334804
33.334804
33.334804
33.334804
33.334804
33.334804
33.334804
33.334804
33.334804
33.334804
33.334804
33.334804
33.334804
33.334804
33.334804
33.334804
33.334804
33.334804
33.334804
33.334804
33.334804
33.334804
33.334804
33.334804
33.334804
33.334804
33.334804
33.334804
33.334804
33.334804
33.334804
33.334804
33.334804
33.334804
33.334804
33.334804
33.334804
33.334804
33.334804
33.334804
33.334804
33.334804
33.334804
33.334804
33.334804
33.334804
33.334804
33.334804
33.334804
33.334804
33.334804
33.334804
33.334804
33.334804
33.334804
33.334804
33.334804
33.334804
33.334804
33.334804
33.334804
33.334804
33.334804
33.334804
33.334804
33.334804
33.334804
33.334804
33.334804
33.334804
33.334804
33.334804
33.334804
33.334804
33.334804
33.334804
33.334804
33.334804
33.334804
33.334804
33.334804
33.334804
33.334804
33.334804
33.334804
33.334804
33.334804
33.334804
33.334804
33.334804
33.334804
33.334804
33.334804
33.334804
33.334804
33.334804
33.334804
33.334804
33.334804
33.334804
33.334804
33.334804
33.334804
33.334804
33.334804
33.334804
33.334804
33.334804
33.334804
33.334804
33.334804
33.334804
33.334804
33.334804
33.334804
33.334804
33.334804
33.334804
33.334804
33.334804
33.334804
33.334804
33.334804
33.334804
33.334804
33.334804
33.334804
33.334804
33.334804
33.334804
33.334804
33.334804
33.334804
33.334804
33.334804
33.334804
33.334804
33.334804
33.334804
33.334804
33.334804
33.334804
33.334804
33.334804
33.334804
33.334804
33.334804
33.334804
33.334804
33.334804
33.334804
33.334804
33.334804
33.334804
33.334804
33.334804
33.334804
33.334804
33.334804
33.334804
33.334804
33.334804
33.334804
33.334804
33.334804
33.334804
33.334804
33.334804
33.334804
33.334804
33.334804
33.314975
33.169300
33.152482
33.152482
33.152482
33.152482
33.152482
33.103670
33.024649
32.929338
32.929338
32.929338
32.929338
32.929338
32.929338
32.929338
32.929338
32.929338
32.929338
32.929338
32.929338
32.929338
32.929338
32.929338
32.929338
32.929338
32.929338
32.929338
32.929338
32.929338
32.878045
32.572664
32.501858
32.501858
32.501858
32.501628
32.498556
32.490834
32.440845
32.418513
32.331501
32.246142
32.236191
32.236191
32.236191
32.236191
32.236191
32.236191
32.236191
32.236191
32.236191
32.236191
32.236191
32.236191
32.236191
32.236191
32.236191
32.236191
32.236191
32.236191
32.236191
32.236191
32.236191
32.236191
32.236191
32.236191
32.236191
32.236191
32.236191
32.236191
32.236191
32.236191
32.236191
32.236191
32.236191
32.236191
32.236191
32.236191
32.236191
32.236191
32.236191
32.236191
32.236191
32.236191
32.236191
32.236191
32.236191
32.236191
32.236191
32.236191
32.236191
32.236191
32.236191
32.236191
32.236191
32.236191
32.236191
32.236191
32.236191
32.236191
32.236191
32.236191
32.236191
32.236191
32.236191
32.236191
32.236191
32.236191
32.236191
32.236191
32.236191
32.236191
32.236191
32.236191
32.236191
32.236191
32.236191
32.236191
32.236191
32.236191
32.236191
32.236191
32.236191
32.236191
32.236191
32.236191
32.236191
32.236191
32.236191
32.236191
32.236191
32.236191
32.236191
32.236191
32.236191
32.236191
32.236191
32.236191
32.236191
32.236191
32.236191
32.236191
32.236191
32.236191
32.236191
32.236191
32.236191
32.236191
32.236191
32.236191
32.236191
32.236191
32.236191
32.236191
32.236191
32.236191
32.236191
32.236191
32.236191
32.236191
32.236191
32.236191
32.236191
32.236191
32.236191
32.236191
32.236191
32.236191
32.236191
32.236191
32.236191
32.236191
32.236191
32.236191
32.236191
32.236191
32.236191
32.236191
32.236191
32.236191
32.236191
32.236191
32.236191
32.186371
32.140781
32.140781
32.140781
32.140781
32.140781
32.140781
32.140781
32.043334
31.951172
31.880230
31.879516
31.645420
31.584186
31.578025
31.558130
31.558130
31.558130
31.558130
31.558130
31.558130
31.558130
31.558130
31.558130
31.558130
31.558130
31.558130
31.558130
31.558130
31.558130
31.557736
31.557341
31.552598
31.546040
31.546040
31.545641
31.545242
31.544843
31.544843
31.543444
31.543044
31.543044
31.536221
31.494064
31.494064
31.494064
31.494064
31.494064
31.494064
31.492172
31.214540
31.088914
31.032218
30.983378
30.849897
30.849897
30.849897
30.849897
30.849897
30.775173
30.766515
30.289881
29.933606
29.933606
29.933606
29.933606
29.933606
29.933606
29.933606
29.933606
29.933606
29.933606
29.933606
29.933606
29.933606
29.933606
29.933606
29.933606
29.933606
29.933606
29.933606
29.933606
29.933606
29.933606
29.933606
29.933606
29.933606
29.933606
29.933606
29.933606
29.933606
29.933606
29.838196
29.576931
29.576931
29.576931
29.576931
29.576931
29.422781
29.240459
28.772054
28.729633
28.635323
28.324168
28.272875
28.161649
27.838035
27.631021
27.631021
27.631021
27.631021
27.631021
27.631021
27.631021
27.631021
27.631021
27.631021
27.631021
27.631021
27.631021
27.631021
27.631021
27.631021
27.631021
27.631021
27.631021
27.631021
27.631021
27.631021
27.631021
27.631021
27.631021
27.631021
27.631021
27.631021
27.631021
27.631021
27.631021
27.631021
27.631021
27.631021
27.631021
27.631021
27.631021
27.631021
27.631021
27.631021
27.631021
27.631021
27.631021
27.631021
27.631021
27.631021
27.631021
27.631021
27.631021
27.631021
27.631021
27.631021
27.631021
27.631021
27.631021
27.631021
27.631021
27.631021
27.631021
27.631021
27.631021
27.631021
27.631021
27.631021
27.631021
27.631021
27.631021
27.631021
27.631021
27.631021
27.631021
27.631021
27.631021
27.631021
27.631021
27.631021
27.631021
27.631021
27.631021
26.763521
26.070373
25.328436
25.328436
25.328436
25.328436
25.328436
25.328436
25.223076
25.223076
24.635289
24.412145
24.412145
24.124463
24.124463
24.124463
24.124463
23.718998
23.718998
23.025851
23.025851
23.025851
23.025851
23.025851
23.025851
23.025851
23.025851
23.025851
23.025851
23.025851
23.025851
23.025851
23.025851
23.025851
23.025851
23.025851
23.025851
23.025851
23.025851
23.025851
23.025851
23.025851
23.025851
23.025851
23.025851
23.025851
23.025851
23.025851
6.381816
6.302619
5.609472
4.812184
4.812184
4.700480
4.605170
4.605170
4.605170
4.605170
4.605170
4.605170
4.605170
4.488636
4.382027
4.382027
4.382027
4.382027
4.382027
4.382027
4.382027
4.382027
4.382027
4.382027
4.382027
4.382027
4.382027
4.382027
4.382027
4.382027
4.382027
4.382027
4.382027
4.382027
4.382027
4.382027
4.382027
4.382027
4.382027
4.382027
4.382027
4.317488
3.688879
2.772589
2.397895
2.397895
2.302585
2.302585
2.302585
2.302585
2.302585
2.302585
2.302585
2.302585
2.302585
2.302585
2.302585
2.302585
2.302585
2.302585
2.302585
2.302585
2.302585
2.302585
2.302585
2.302585
2.302585
2.302585
2.302585
2.302585
2.302585
2.302585
2.197225
2.079442
1.609438
1.098612
1.098612
1.098612
0.693147
0.693147
0.693147
0.693147
0.693147
0.693147
0.000000
0.000000
0.000000
0.000000
0.000000
0.000000
0.000000
0.000000
0.000000
0.000000
0.000000
0.000000
0.000000
0.000000
0.000000
0.000000
0.000000
0.000000
0.000000
0.000000
0.000000
0.000000
0.000000
0.000000
0.000000
0.000000
0.000000
0.000000
0.000000
0.000000
0.000000
0.000000
0.000000
0.000000
0.000000
0.000000
0.000000
0.000000
0.000000
0.000000
0.000000
0.000000
0.000000
0.000000
0.000000
0.000000
